Iterations,Function,Gradient,Time
0,88755.574329831,29353.981153398123,0.0
1,87297.83344589172,28956.45269351919,0.0046234130859375
2,84441.45913941435,28174.184481797627,0.00974130630493164
3,81662.44585968168,27409.163875607268,0.01746511459350586
4,78959.08708039128,26661.028234829875,0.023256540298461914
5,76329.71202395917,25929.425166574478,0.028421640396118164
6,73772.6846520831,25214.012220845554,0.03350067138671875
7,71286.40268636696,24514.45659361856,0.03865456581115723
8,68869.29665827313,23830.434837180994,0.04368138313293457
9,66519.8289876844,23161.632577577697,0.05001974105834961
10,64236.49308937262,22507.744238978987,0.055396318435668945
11,62017.81250669247,21868.472774770198,0.060163021087646484
12,59862.34007183955,21243.5294051404,0.06459641456604004
13,57768.657092033674,20632.633360927335,0.06919169425964355
14,55735.372561015196,20035.51163345454,0.07347321510314941
15,53761.122395269456,19451.898730075445,0.07854294776916504
16,51844.56869442276,18881.53643511832,0.08347177505493164
17,49984.39902528728,18324.17357590488,0.08920931816101074
18,48179.3257290631,17779.56579349538,0.09360027313232422
19,46428.08525124419,17247.475317793378,0.09771728515625
20,44729.437493810176,16727.670746624895,0.10186243057250977
21,43082.16518932733,16219.926828390431,0.10600495338439941
22,41485.07329662157,15724.024247873009,0.1120460033416748
23,39936.988417729226,15239.749414774064,0.11630415916442871
24,38436.75823587447,14766.894254539739,0.12062859535217285
25,36983.2509742666,14305.25600103577,0.12490415573120117
26,35575.35487555424,13854.636990628875,0.128997802734375
27,34211.977701817676,13414.844457238316,0.13312029838562012
28,32892.04625502355,12985.690327933171,0.13733816146850586
29,31614.50591790841,12566.991018670346,0.14365625381469727
30,30378.320215294883,12158.567229795899,0.1480252742767334
31,29182.470395883658,11760.243740969185,0.15233945846557617
32,28025.955034591978,11371.849205216226,0.15653347969055176
33,26907.789655540142,10993.215941876446,0.16064882278442383
34,25827.006375804354,10624.17972827617,0.16478943824768066
35,24782.65357006982,10264.57959004354,0.1689162254333496
36,23773.79555631952,9914.25759007282,0.17541146278381348
37,22799.512302690222,9573.058616251614,0.17971301078796387
38,21858.899155609015,9240.830168181456,0.18403291702270508
39,20951.066589294485,8917.422143250184,0.1896498203277588
40,20075.139976664974,8602.686622551204,0.19462299346923828
41,19230.259381638185,8296.477657289162,0.19899535179138184
42,18415.57937273687,7998.651056460136,0.2043440341949463
43,17630.268857827316,7709.064176744534,0.21048283576965332
44,16873.51093971742,7427.575715698326,0.21477508544921875
45,16144.502792224901,7154.045509468588,0.21904373168945312
46,15442.455556197026,6888.3343363877475,0.22324275970458984
47,14766.594254822232,6630.303727912104,0.22737812995910645
48,14116.157727422533,6379.8157884588545,0.2314896583557129
49,13490.398580757012,6136.733025756887,0.23655056953430176
50,12888.58315670318,5900.918193355511,0.24129939079284668
51,12309.991515018442,5672.234146928321,0.24545931816101074
52,11753.91742972217,5450.543715964535,0.24976181983947754
53,11219.668397483149,5235.709592356725,0.25406503677368164
54,10706.565656251845,5027.594237273835,0.258192777633667
55,10213.944212245533,4826.0598075557955,0.2622871398925781
56,9741.152873278808,4630.968102687918,0.26648783683776855
57,9287.554286336293,4442.180533218865,0.27202844619750977
58,8852.5249772073,4259.558111287172,0.27629828453063965
59,8435.455389945702,4082.961463731463,0.2804107666015625
60,8035.749923879204,3912.2508680926303,0.28464579582214355
61,7652.826965868127,3747.2863116863427,0.29021692276000977
62,7286.118915500918,3587.9275738426873,0.2944316864013672
63,6935.0722009053525,3434.0343313848375,0.2986292839050293
64,6599.147282846528,3285.4662874528376,0.3035707473754883
65,6277.81864476774,3142.0833238674963,0.3080005645751953
66,5970.574766404968,3003.7456773600825,0.31221461296081543
67,5676.918078565399,2870.314140143743,0.31644606590270996
68,5396.364896605656,2741.6502854405303,0.3207974433898926
69,5128.445330078779,2617.6167186627317,0.32502174377441406
70,4872.703165948502,2498.077354930189,0.3292253017425537
71,4628.695722707745,2382.8977234322447,0.33473801612854004
72,4395.993672703972,2271.9452987565433,0.33953237533569336
73,4174.180829991211,2165.089858650141,0.3438591957092285
74,3962.8539011271546,2062.203866697672,0.34817075729370117
75,3761.6221965485856,1963.1628770498692,0.3526930809020996
76,3570.107300528209,1867.8459565766477,0.3570423126220703
77,3387.9426982835685,1776.1361176279206,0.36128783226013184
78,3214.7733596173034,1687.9207519537724,0.3667423725128174
79,3050.255279561726,1603.0920532742505,0.37143754959106445
80,2894.054977921077,1521.5474125337853,0.3759322166442871
81,2745.848961388035,1443.1897660981845,0.38024163246154785
82,2605.323154083777,1367.9278731817628,0.3846275806427002
83,2472.1723049427405,1295.6764948503194,0.38924145698547363
84,2346.099383314748,1226.3564434092389,0.39574480056762695
85,2226.814977419919,1159.8944684805113,0.4004247188568115
86,2114.0367137179524,1096.2229455945055,0.4050612449645996
87,2007.4887185715904,1035.2793361635029,0.4096205234527588
88,1906.9011463463098,977.0053963049402,0.41397619247436523
89,1812.0097996184554,921.346128584278,0.41837620735168457
90,1722.5558665394535,868.2484976563766,0.4227869510650635
91,1638.2857965159808,817.6599690721425,0.4279613494873047
92,1558.951327122826,769.5269783443786,0.43272876739501953
93,1484.3096618786085,723.7934880888453,0.43729090690612793
94,1414.1237804562468,680.3998320422899,0.4419434070587158
95,1348.162841888814,639.2820583298053,0.4463200569152832
96,1286.2026210636834,600.3719521345555,0.4508676528930664
97,1228.0259045607963,563.5978286404419,0.45532917976379395
98,1173.422769392834,528.8860455105626,0.46172356605529785
99,1122.190681629761,496.16301634203535,0.46628832817077637
100,1074.134381790708,465.35735692452783,0.4708993434906006
101,1029.0655658980297,436.4017144723215,0.4755582809448242
102,986.8024163119192,409.2338527952723,0.4799797534942627
103,947.1690736572692,383.796701486898,0.484480619430542
104,909.9951599777701,360.0372994707088,0.48910951614379883
105,875.1154572984277,337.9048223740625,0.495638370513916
106,842.3698143874115,317.34811815333035,0.5002422332763672
107,811.6033031395773,298.3133273584711,0.5053610801696777
108,782.6665855308668,280.7421855338723,0.5099775791168213
109,755.4163973115744,264.5714673747937,0.514439582824707
110,729.7160216194825,249.73374145655856,0.5190331935882568
111,705.4356275969922,236.15921805844295,0.5257282257080078
112,682.4523903406691,223.7781043013819,0.5304005146026611
113,660.6503801417508,212.52267484041343,0.5349557399749756
114,639.9202881110597,202.32834072225566,0.5395176410675049
115,620.1591112312531,193.13337732331692,0.543980598449707
116,601.2699263233926,184.8775392029567,0.548560619354248
117,583.1618314941625,177.5003041482408,0.5533204078674316
118,565.7500448649005,170.93967569892948,0.5586433410644531
119,548.9560666834884,165.1321787903453,0.5632283687591553
120,532.7077787650766,160.01400721901427,0.5677838325500488
121,516.9393973234916,155.5225712152902,0.5723624229431152
122,501.59129385935677,151.59735001837552,0.5768890380859375
123,486.6098033486837,148.17918218590478,0.5813543796539307
124,471.947194523825,145.20781198747494,0.5867185592651367
125,457.56195364391493,142.6183093588724,0.5917975902557373
126,443.4194391613761,140.33752571086907,0.5979061126708984
127,429.49283849669905,138.28183762916564,0.6026208400726318
128,415.7642457992384,136.35710830132328,0.6072037220001221
129,402.22561239302354,134.4612768391611,0.6117091178894043
130,388.8793071444925,132.489486114336,0.6163640022277832
131,375.7380537552928,130.3412712444844,0.6218698024749756
132,362.8240755664417,127.92902242160831,0.6265838146209717
133,350.16737119052374,125.18664950345186,0.6310901641845703
134,337.8031653225465,122.07710097042548,0.6357293128967285
135,325.7687254078916,118.597177995849,0.6402761936187744
136,314.09989511251183,114.7780545841723,0.6447627544403076
137,302.8278422082728,110.68027772741313,0.6527628898620605
138,291.97659867390996,106.38305259297411,0.6576728820800781
139,281.5619074433321,101.96944766230739,0.6621966361999512
140,271.5916154429736,97.51136345210504,0.6667211055755615
141,262.06738062893476,93.05948542037392,0.6713464260101318
142,252.9869501894265,88.64259196986592,0.6758468151092529
143,244.34596913284417,84.27742732896655,0.6804900169372559
144,236.13834334208636,79.98691453696405,0.6856918334960938
145,228.3544973331162,75.82326856675857,0.6906130313873291
146,220.97717886608072,71.8932257184239,0.6966683864593506
147,213.97478498387866,68.38001851195608,0.7013664245605469
148,207.29323382782584,65.54350402676901,0.7059733867645264
149,200.85034169320176,63.66009268608977,0.7104446887969971
150,194.54058384496952,62.879646319381266,0.7159876823425293
151,188.25625590399423,63.075904740488745,0.7209317684173584
152,181.91764057914122,63.84375255230787,0.7256433963775635
153,175.49386037296122,64.65877926758488,0.7301785945892334
154,169.0056877301814,65.03729592185564,0.734757661819458
155,162.51733800946857,64.59454629780814,0.7393484115600586
156,156.12682488488372,63.03094323954775,0.7439694404602051
157,149.95909773119098,60.09917591864126,0.749051570892334
158,144.1624140055666,55.57399728137674,0.7540202140808105
159,138.90749340510126,49.2259704935934,0.7587316036224365
160,134.38922932805264,40.79621036172056,0.7632637023925781
161,130.8308454617245,29.97615099656057,0.76792311668396
162,128.488853709573,16.44931392379742,0.7725255489349365
163,127.63854234523896,3.5190316399933557,0.7790935039520264
164,127.36304763540181,5.117903123241817,0.7837803363800049
165,127.24776576200175,4.288982165121691,0.7886981964111328
166,127.15793116532,7.991874326636627,0.7933311462402344
167,127.13387025263484,4.513724136559593,0.7994542121887207
168,127.11471274804975,6.510626776906914,0.8041300773620605
169,127.09826908203041,3.996337595518557,0.8106896877288818
170,127.08285919359436,6.131902121042832,0.81534743309021
171,127.06816813837476,3.842293609934908,0.8200321197509766
172,127.05378189278392,6.0159794534898134,0.8248612880706787
173,127.03961040889607,3.79569982091798,0.8293819427490234
174,127.02553324933852,5.980816661723121,0.833991289138794
175,127.01152042135254,3.7819193995890705,0.838620662689209
176,126.99754025680986,5.96965527571654,0.8444128036499023
177,126.98358017406677,3.7778412773132852,0.849174976348877
178,126.96963406743467,5.9657084497039605,0.8539106845855713
179,126.95569471594636,3.7766851428053787,0.8584256172180176
180,126.94176301638606,5.964120210136634,0.8628947734832764
181,126.92783364771078,3.7764967875895565,0.8673758506774902
182,126.91390920412228,5.963483710664794,0.8727164268493652
183,126.8999852453565,3.776711515226909,0.8776981830596924
184,126.88606457958389,5.9633793464532365,0.8822124004364014
185,126.8721433244417,3.7771616017345773,0.886866569519043
186,126.85822410788268,5.96367010668789,0.8913745880126953
187,126.8443034825492,3.7777927833452374,0.8958938121795654
188,126.8303838098755,5.964300826543761,0.9019718170166016
189,126.81646201362976,3.778583596004976,0.9072952270507812
190,126.80254018782773,5.965241066858893,0.911989688873291
191,126.78861558246597,3.7795224622034453,0.9165377616882324
192,126.77469004543181,5.96646883849116,0.9212076663970947
193,126.76076111564205,3.7806011784798508,0.9257640838623047
194,126.74683042044389,5.967965922624738,0.9302859306335449
195,126.7328957546748,3.7818130495244633,0.9349439144134521
196,126.71895855003146,5.969716475666905,0.9402329921722412
197,126.7050168275741,3.7831523344521667,0.9448354244232178
198,126.69107184622162,5.971706561655868,0.9494011402130127
199,126.6771218264789,3.7846140626097236,0.9541935920715332
200,126.66316787507631,5.973923946776152,0.9587268829345703
201,126.64920838788373,3.7861939543221723,0.963245153427124
202,126.63524433779095,5.976357970168392,0.9686198234558105
203,126.62127427445976,3.787888373328567,0.9736697673797607
204,126.60729905317858,5.978999440463931,0.9782240390777588
205,126.59331735814803,3.7896942911338556,0.9827773571014404
206,126.57932994134401,5.981840545075947,0.9874670505523682
207,126.56533560438051,3.7916092581318277,0.9920272827148438
208,126.55133500842679,5.984874769432395,0.9965500831604004
209,126.53732705732143,3.7936313801933568,1.0051331520080566
210,126.52331233231128,5.988096825793831,1.0098943710327148
211,126.5092898260227,3.795759300324071,1.0144381523132324
212,126.49526004919919,5.9915025917569436,1.0191407203674316
213,126.4812220713886,3.797992185174323,1.0237138271331787
214,126.46717634093295,5.995089058497645,1.0282092094421387
215,126.45312199383682,3.8003297162053724,1.0349009037017822
216,126.43905942296072,5.99885428868764,1.0399487018585205
217,126.42498782154604,3.802772085324326,1.0445501804351807
218,126.41090753283412,6.002797383925258,1.0491364002227783
219,126.39681779918108,3.8053199948214425,1.0539145469665527
220,126.38271891912719,6.006918461474386,1.0584213733673096
221,126.3686101769868,3.807974661476333,1.0630524158477783
222,126.35449183067243,6.011218640080819,1.068129301071167
223,126.34036320014492,3.810737824737772,1.0731098651885986
224,126.32622450600824,6.015700034652057,1.0777342319488525
225,126.31207509829304,3.8136117589248886,1.0822663307189941
226,126.29791516293709,6.020365759616614,1.0868921279907227
227,126.28374407510232,3.816599289440128,1.0913896560668945
228,126.26956198809468,6.025219940808598,1.0978960990905762
229,126.25536829781929,3.8197038130220933,1.1027863025665283
230,126.24116312643413,6.030267735792833,1.1091649532318115
231,126.22694588667152,3.8229293221074125,1.1137220859527588
232,126.21271667052612,6.035515362591479,1.118382215499878
233,126.19847490404392,3.8262804334082743,1.122952938079834
234,126.18422064958247,6.040970136826568,1.1294543743133545
235,126.16995334332834,3.8297624208423238,1.134209156036377
236,126.15567301810468,6.04664051737423,1.139183521270752
237,126.14137911735084,3.8333812529896627,1.1437687873840332
238,126.12707164406244,6.052536160659815,1.148284673690796
239,126.11275004627865,3.837143635277224,1.1530771255493164
240,126.09841429650076,6.05866798380611,1.157639741897583
241,126.08406384490601,3.8410570571225717,1.1630024909973145
242,126.06969863247647,6.065048236882578,1.1676747798919678
243,126.05531810921653,3.84512984429208,1.1726200580596924
244,126.04092218321789,6.071690584565365,1.1772239208221436
245,126.02651030211483,3.8493712167526635,1.1817760467529297
246,126.0120823393972,6.078610197559528,1.1864244937896729
247,125.99763773821364,3.8537913523125513,1.1910886764526367
248,125.98317633540293,6.085823854174726,1.1961724758148193
249,125.968697567562,3.8584014563646103,1.2007310390472412
250,125.95420123249009,6.093350052463883,1.2073094844818115
251,125.93968675818783,3.8632138380474172,1.2119734287261963
252,125.92515390068188,6.101209133363024,1.2164583206176758
253,125.91060207732635,3.8682419931419547,1.2210407257080078
254,125.8960309992884,6.109423415260845,1.2275035381317139
255,125.88144007119439,3.8735006940089898,1.2322566509246826
256,125.86682895590012,6.118017340404673,1.2368862628936768
257,125.85219704316626,3.8790060868471383,1.241438388824463
258,125.83754394370607,6.127017633505926,1.2459526062011719
259,125.82286903019553,3.8847757965069825,1.2504534721374512
260,125.80817185697752,6.136453472831158,1.2558536529541016
261,125.79345177732016,3.8908290390338376,1.260875940322876
262,125.7787082845517,6.1463566739378175,1.2654533386230469
263,125.76394071008033,3.8971867420178925,1.270185947418213
264,125.7491484811392,6.156761886046993,1.274705410003662
265,125.73433090467046,3.9038716727025986,1.2792224884033203
266,125.71948733627305,6.167706800820461,1.2837324142456055
267,125.70461705563959,3.9109085736315023,1.2910974025726318
268,125.68971934071307,6.179232372987986,1.2957849502563477
269,125.67479344095058,3.918324305392689,1.3004083633422852
270,125.65983855011199,6.191383051873777,1.3050179481506348
271,125.64485388420408,3.9261479957283747,1.3110716342926025
272,125.62983854575008,6.204207022355471,1.3156774044036865
273,125.61479171383691,3.9344111939115898,1.323005199432373
274,125.59971239214973,6.217756453121688,1.327712059020996
275,125.58459971910553,3.943148028830138,1.3322432041168213
276,125.56945259138647,6.2320877492842595,1.336839199066162
277,125.55427010268129,3.952395368638668,1.3413734436035156
278,125.53905103392958,6.247261805356813,1.3458776473999023
279,125.52379442969975,3.962192979127418,1.3504705429077148
280,125.50849894587122,6.263344253367556,1.3558969497680664
281,125.49316357313896,3.9725836770802077,1.3605198860168457
282,125.47778683243493,6.28040569931592,1.3650405406951904
283,125.46236765544305,3.9836134738281297,1.3697102069854736
284,125.44690441771175,6.298521939330324,1.3741979598999023
285,125.43139598636898,3.9953317029236315,1.3786499500274658
286,125.41584058063583,6.3177741446176325,1.3852934837341309
287,125.40023699711386,4.007791124318563,1.3902392387390137
288,125.38458328731065,6.338249001644632,1.3947789669036865
289,125.36887817089101,4.021047995608097,1.3993632793426514
290,125.35311951991626,6.36003879082724,1.4039976596832275
291,125.33730597025986,4.035162098761731,1.4085259437561035
292,125.3214352025914,6.383241383308338,1.4154632091522217
293,125.30550576169817,4.050196708269545,1.4206347465515137
294,125.2895151248844,6.4079601311701095,1.4253690242767334
295,125.27346173813392,4.066218483772704,1.4299285411834717
296,125.25734286362622,6.434303621549646,1.4347519874572754
297,125.24115684043963,4.083297267004256,1.4393231868743896
298,125.22490070440051,6.4623852596818825,1.4453089237213135
299,125.20857267925443,4.101505759247907,1.4521725177764893
300,125.19216956418171,6.492322639873717,1.4592275619506836
301,125.17568945893424,4.1209190515689125,1.4638793468475342
302,125.15912891720046,6.5242366568992995,1.4685025215148926
303,125.14248590597127,4.141613975849584,1.4730219841003418
304,125.12575672668291,6.5582503034981166,1.4777095317840576
305,125.10893920486839,4.16366824029938,1.4828193187713623
306,125.09202938582172,6.5944870927607395,1.4876501560211182
307,125.07502494522464,4.187159308804852,1.492311954498291
308,125.05792167216921,6.633069037615993,1.4968376159667969
309,125.04071708469912,4.212162979513588,1.5013890266418457
310,125.02340672062778,6.674114113903726,1.5061185359954834
311,125.00598793356886,4.238751614801052,1.5141470432281494
312,124.98845602133844,6.7177331293793205,1.5189361572265625
313,124.97080816780608,4.266991972775187,1.5237438678741455
314,124.95303945004596,6.764025919359443,1.5282940864562988
315,124.93514687894238,4.296942590404363,1.5327951908111572
316,124.91712533993045,6.813076791846742,1.5374407768249512
317,124.89897167046126,4.328650671048401,1.5421414375305176
318,124.8806806054179,6.864949152306332,1.5472412109375
319,124.86224881201532,4.362148435667853,1.5518922805786133
320,124.84367093004994,6.919679252598889,1.5569231510162354
321,124.8249434643337,4.397448908474063,1.5614538192749023
322,124.80606103204099,6.977269031942524,1.5660574436187744
323,124.78701998917161,4.434541125623826,1.5706958770751953
324,124.7678150225323,7.03767805236434,1.577176570892334
325,124.74844235989563,4.473384781195812,1.5819544792175293
326,124.72889687260687,7.100814579268566,1.586768627166748
327,124.7091746891013,4.5139043595647275,1.5914945602416992
328,124.68927100560671,7.166525921591291,1.5960540771484375
329,124.66918188974027,4.55598284868712,1.6006581783294678
330,124.64890303089537,7.234588227325353,1.6052587032318115
331,124.62843048526003,4.599455185643702,1.6103906631469727
332,124.60776063355011,7.304696029837685,1.6165423393249512
333,124.58688958180932,4.64410165425456,1.6215112209320068
334,124.56581463111515,7.37645195792293,1.6261515617370605
335,124.54453201118079,4.689641533862952,1.630664348602295
336,124.52304020300588,7.449357155370979,1.635282278060913
337,124.50133564634169,4.735727386094724,1.6426444053649902
338,124.47941828994708,7.522803098622282,1.6473627090454102
339,124.4572848816931,4.781940458127836,1.6520135402679443
340,124.43493714952035,7.596065644862427,1.656700849533081
341,124.41237225722983,4.827787769814083,1.6612436771392822
342,124.38959403924162,7.668302274267555,1.66575288772583
343,124.36660018942032,4.872701527954286,1.6711194515228271
344,124.34339698060275,7.738553590849598,1.676184892654419
345,124.31998275212204,4.916041561128659,1.680746078491211
346,124.29636653669091,7.805750193396158,1.6854274272918701
347,124.2725474289563,4.957101476796101,1.689985990524292
348,124.24853751341391,7.868725994407798,1.6944410800933838
349,124.22433673574172,4.995119191031033,1.6989238262176514
350,124.19996047187436,7.926238921824585,1.706305980682373
351,124.17540959008387,5.02929235215104,1.7110264301300049
352,124.15070291970149,7.976999658672728,1.7170755863189697
353,124.12584228810724,5.058798957065042,1.7219882011413574
354,124.10085003562254,8.019708639371625,1.7265169620513916
355,124.07572893935863,5.082823134234055,1.7310056686401367
356,124.05050477818732,8.05310092184477,1.7383856773376465
357,124.02518121415412,5.100585641299768,1.743088722229004
358,123.99978724037092,8.075997806169667,1.7476272583007812
359,123.97432727687594,5.11137811570295,1.7523245811462402
360,123.94883314007855,8.087363215250889,1.756990909576416
361,123.92330981657355,5.114599558912726,1.7615265846252441
362,123.89779138409438,8.086361964432491,1.7681820392608643
363,123.87228314327328,5.109792985269389,1.773087978363037
364,123.84682070894156,8.072416229252498,1.7776734828948975
365,123.82140939224406,5.096679698538427,1.782238483428955
366,123.79608548235554,8.04525590074292,1.7868707180023193
367,123.77085396326136,5.075188356979926,1.7913877964019775
368,123.7457508360201,8.004958230165698,1.795928716659546
369,123.72078040838818,5.045475933106177,1.8012669086456299
370,123.695977383222,7.9519723290623,1.806161880493164
371,123.67134505825713,5.007937931925406,1.810711145401001
372,123.6469158418422,7.887124783822849,1.8152759075164795
373,123.62269173088993,4.963205831964932,1.821479320526123
374,123.59870192173618,7.811603878578401,1.8261487483978271
375,123.57494688799335,4.9121306399219415,1.8327081203460693
376,123.55145183711713,7.72692162538622,1.837768793106079
377,123.52821558483667,4.8557526314534165,1.8424153327941895
378,123.5052587652661,7.63485481968451,1.846914529800415
379,123.48257850064587,4.7952586653207865,1.8515689373016357
380,123.46019049553217,7.537368442414467,1.8562290668487549
381,123.43809024312841,4.731929746088405,1.8609046936035156
382,123.41628840649172,7.436526644832792,1.866042137145996
383,123.3947790053818,4.667082596667144,1.8709392547607422
384,123.37356778865076,7.334398001650365,1.8755614757537842
385,123.35264753195861,4.602009723121237,1.880098581314087
386,123.33201941185122,7.232962469260489,1.8847763538360596
387,123.31167523982975,4.537922687553341,1.889315128326416
388,123.29161213628213,7.1340273913969705,1.8946495056152344
389,123.27182125350706,4.475902992424599,1.8995599746704102
390,123.25229629554752,7.039158927427928,1.904865026473999
391,123.2330280607767,4.416864143853821,1.909597635269165
392,123.21400754573199,6.949633548512227,1.914132833480835
393,123.195225479369,4.361527209078081,1.9187860488891602
394,123.17667087578762,6.866411993625901,1.9266867637634277
395,123.15833464254212,4.310410693243997,1.9316134452819824
396,123.14020450647881,6.7901356356678795,1.9364049434661865
397,123.12227175560602,4.263834055038132,1.941148042678833
398,123.10452345868994,6.7211429459765375,1.9457268714904785
399,123.08695143600576,4.22193288209723,1.9503397941589355
400,123.06954263685402,6.659501990881879,1.954965591430664
401,123.0522895165056,4.184682833096747,1.9600849151611328
402,123.03517933987645,6.605053862726262,1.9646992683410645
403,123.01820525537897,4.151929019408025,1.9695346355438232
404,123.00135517241644,6.55746170435245,1.9742958545684814
405,122.98462295279231,4.123417543729707,1.9788234233856201
406,122.96799737859108,6.516260442624852,1.9834256172180176
407,122.951473015023,4.098826348551785,1.9882259368896484
408,122.9350396556451,6.480903303397879,1.9935023784637451
409,122.91869253655783,4.077793212009287,1.9982099533081055
410,122.90242252677108,6.450802388675417,2.002883195877075
411,122.886225485318,4.059939507232323,2.0075302124023438
412,122.8700933616287,6.425361822018104,2.012052059173584
413,122.8540225803792,4.0448890800972075,2.0166234970092773
414,122.83800613274987,6.404003034735379,2.0249133110046387
415,122.82204094740092,4.0322822087022585,2.0299105644226074
416,122.80612098880322,6.386182574529155,2.034611701965332
417,122.79024362738721,4.021785043445595,2.0391716957092285
418,122.77440371436545,6.371403343313755,2.0437042713165283
419,122.75859900192641,4.013095187428508,2.0492939949035645
420,122.74282513271596,6.359220437894098,2.056713819503784
421,122.72708018471356,4.005944188226882,2.061446189880371
422,122.71136049495144,6.349242831027287,2.1009395122528076
423,122.69566441637842,4.000097711783513,2.1210498809814453
424,122.67998888657912,6.341132054865033,2.133575201034546
425,122.6643324883152,3.9953540967701167,2.153012990951538
426,122.64869267231954,6.334598892561002,2.1628520488739014
427,122.63306821176722,3.991541877353091,2.170161724090576
428,122.61745699140546,6.329398893401412,2.1779463291168213
429,122.60185794097431,3.9885167395927996,2.1861937046051025
430,122.58626930917562,6.325327334629176,2.1934468746185303
431,122.57069015361901,3.986158258747728,2.202677011489868
432,122.55511902604478,6.322214078865009,2.2153637409210205
433,122.53955508788285,3.984366661214704,2.223690986633301
434,122.52399714171905,6.319918629358467,2.2283003330230713
435,122.50844443284637,3.9830597698583734,2.2329607009887695
436,122.49289597051086,6.318325569020145,2.2606210708618164
437,122.47735106744595,3.982170225543647,2.265399694442749
438,122.46180890251297,6.3173404817120185,2.2700705528259277
439,122.446268842467,3.981643029122848,2.2753024101257324
440,122.43073020496209,6.316886391877754,2.2801666259765625
441,122.41519239987268,3.9814334142583787,2.2847211360931396
442,122.39965485814672,6.316900716592843,2.2895309925079346
443,122.38411702395842,3.981505039307467,2.294049024581909
444,122.36857842053477,6.317332697957277,2.298513174057007
445,122.3530385192346,3.9818284732460643,2.303107738494873
446,122.3374969182792,6.318141269251528,2.309668779373169
447,122.32195311047734,3.9823799438144762,2.3143362998962402
448,122.30640675482677,6.319293302031285,2.3190014362335205
449,122.29085736096077,3.983140313735214,2.3237102031707764
450,122.2753046369339,6.320762180603172,2.328223705291748
451,122.25974810546101,3.9840942514356548,2.332735061645508
452,122.24418751395089,6.322526653028954,2.337524652481079
453,122.22862239515575,3.985229565044099,2.342712163925171
454,122.2130525277515,6.324569912468252,2.347301483154297
455,122.19747745202977,3.9865366716982455,2.353607177734375
456,122.18189697113222,6.32687886823368,2.3582119941711426
457,122.16631063081779,3.9880081778408436,2.362833023071289
458,122.15071825290669,6.329443571703963,2.3673548698425293
459,122.1351193868802,3.989638549815022,2.373727321624756
460,122.11951386824481,6.332256767776235,2.378444194793701
461,122.10390124870963,3.9914238574855823,2.3830442428588867
462,122.08828137309072,6.335313547618374,2.3876638412475586
463,122.072653794018,3.9933615766893706,2.3921961784362793
464,122.05701836171362,6.338611082943406,2.3967838287353516
465,122.0413746285596,3.995450438998493,2.4021551609039307
466,122.02572244663585,6.342148425896591,2.407226085662842
467,122.01006136700694,3.9976903195704363,2.411817789077759
468,121.99439124032362,6.345926361884629,2.4164018630981445
469,121.9787116153309,4.000082155774627,2.421050786972046
470,121.96302233814698,6.349947305361544,2.4256081581115723
471,121.94732295423654,4.0026278908603885,2.4300901889801025
472,121.93161330220221,6.354215230801653,2.4360833168029785
473,121.91589292328791,4.005330438218062,2.4408555030822754
474,121.90016164566404,6.358735632859817,2.4453728199005127
475,121.88441900541592,4.008193662818357,2.450037717819214
476,121.86866481738556,6.36351551114531,2.4563710689544678
477,121.85289861154894,4.011222377238447,2.4635915756225586
478,121.8371201865052,6.368563376178479,2.4689767360687256
479,121.82132906514362,4.01442235034143,2.4738779067993164
480,121.8055250268511,6.373889273977881,2.4785261154174805
481,121.78970758641394,4.01780032718471,2.4832396507263184
482,121.77387650095108,6.379504827447669,2.4879000186920166
483,121.75803127607881,4.0213640591409705,2.494966506958008
484,121.74217164347526,6.385423293258544,2.500173330307007
485,121.7262970984572,4.025122343523069,2.5052788257598877
486,121.7104073439434,6.391659633359532,2.5100412368774414
487,121.69450186374824,4.029085072248518,2.5147604942321777
488,121.67858032853783,6.398230600572383,2.5196242332458496
489,121.66264220933607,4.033263289260895,2.526700973510742
490,121.64668714086122,6.405154837958083,2.531903028488159
491,121.63071457996125,4.037669256558883,2.5376315116882324
492,121.6147241214807,6.412452991835323,2.542367696762085
493,121.59871520659638,4.0423165287832195,2.546949863433838
494,121.58268738609438,6.420147838431895,2.5518076419830322
495,121.56664008386143,4.047220036367823,2.560521125793457
496,121.55057280215273,6.428264424229176,2.565645694732666
497,121.53448494580857,4.052396177290463,2.5705437660217285
498,121.51837596376264,6.4368302200656355,2.575225830078125
499,121.50224523989984,4.057862917454434,2.5797863006591797
500,121.48609216469346,6.445875289030193,2.5846505165100098
501,121.46991609899506,4.063639899691996,2.5919172763824463
502,121.4537163692997,6.4554324680881585,2.5969176292419434
503,121.4374923111605,4.069748561308096,2.601762533187866
504,121.42124318116643,6.46553756321446,2.606583595275879
505,121.40496828710187,4.076212259960938,2.6111671924591064
506,121.38866680927984,6.476229557596379,2.6159324645996094
507,121.37233802502053,4.08305640751217,2.6233346462249756
508,121.35598103151908,6.487550832134827,2.6283557415008545
509,121.33959507268894,4.090308611251852,2.6331498622894287
510,121.3231791552639,6.4995473970710576,2.637924909591675
511,121.30673248653892,4.097998821605892,2.6427860260009766
512,121.29025397491338,6.512269133012151,2.647493839263916
513,121.27374278755987,4.10615948505766,2.654705762863159
514,121.2571977261168,6.525770038941449,2.661262035369873
515,121.24061791381286,4.114825700528767,2.6662564277648926
516,121.22400203652707,6.540108483946073,2.670976161956787
517,121.20734916938041,4.124035376871153,2.6756553649902344
518,121.19065787290876,6.555347458303372,2.6803243160247803
519,121.17392716959482,4.1338293883750055,2.6876676082611084
520,121.15715548445984,6.571554818267446,2.6924996376037598
521,121.14034178242512,4.14425172429667,2.6970739364624023
522,121.12348434224866,6.588803517276482,2.7019667625427246
523,121.10658206595141,4.155349627306957,2.706610918045044
524,121.0896330747275,6.607171814366472,2.711282730102539
525,121.07263620192265,4.1671737144389835,2.7185821533203125
526,121.05558939936243,6.62674344826853,2.723590135574341
527,121.0384914254885,4.179778072540593,2.728179454803467
528,121.02134005052467,6.647607762897268,2.732935905456543
529,121.0041339513139,4.193220318375071,2.7377243041992188
530,120.98687070392563,6.669859766728251,2.742429494857788
531,120.96954889644107,4.207561611341412,2.749391555786133
532,120.9521658980547,6.693600104805258,2.7545061111450195
533,120.93472020046222,4.222866604276654,2.7605936527252197
534,120.91720895330113,6.7189349178064806,2.7655105590820312
535,120.89963054381903,4.239203314935258,2.770331382751465
536,120.88198188972235,6.745975557759936,2.775015354156494
537,120.86426126535244,4.256642897528309,2.782243251800537
538,120.84646534476904,6.7748381245412395,2.78763747215271
539,120.82859228061972,4.275259290147653,2.792424440383911
540,120.8106384927053,6.805642781416706,2.7971699237823486
541,120.79260200296186,4.295128710069985,2.801931381225586
542,120.77447896798061,6.838512801569964,2.8066089153289795
543,120.75626726987902,4.316328964905977,2.8138267993927
544,120.73796279544116,6.873573291100417,2.819119930267334
545,120.7195632779575,4.338938543493344,2.823974132537842
546,120.70106433100847,6.910949527603529,2.828634738922119
547,120.6824635303975,4.363035446538975,2.8335416316986084
548,120.66375621733299,6.9507648476159085,2.8383262157440186
549,120.64493980214135,4.3886957136094304,2.8455307483673096
550,120.62600935994648,6.993138011498262,2.850590705871582
551,120.60696212868605,4.415991600569305,2.855600595474243
552,120.5877929305947,7.0381799714909175,2.860285520553589
553,120.56849882589445,4.444989360510561,2.8665931224823
554,120.5490744057276,7.085989968739938,2.8712916374206543
555,120.52951654947812,4.475746582302818,2.875988721847534
556,120.50981964954104,7.136650889216543,2.8810946941375732
557,120.48998040428687,4.508309044950926,2.8860108852386475
558,120.46999305245649,7.19022381817644,2.8907077312469482
559,120.44985411505402,4.542707053976974,2.8956685066223145
560,120.42955773744407,7.246741749749758,2.900506019592285
561,120.40910027174067,4.578951239162707,2.905102491378784
562,120.38847584803058,7.306202434355412,2.9117043018341064
563,120.3676806639747,4.617027812421608,2.9167675971984863
564,120.3467089330636,7.3685603837881875,2.9216744899749756
565,120.32555672013712,4.656893311548004,2.9262094497680664
566,120.30421844413374,7.433718103992608,2.9308981895446777
567,120.28269006719096,4.698468891245022,2.93558669090271
568,120.26096636174029,7.501516690265855,2.9420104026794434
569,120.23904322710656,4.741634268048667,2.9469664096832275
570,120.21691596553225,7.57172599993166,2.9520769119262695
571,120.19458046437002,4.786221480899871,2.956787109375
572,120.17203276188452,7.644034713438566,2.961364507675171
573,120.14926879618608,4.832008693802756,2.9677844047546387
574,120.1262855782761,7.718040704757235,2.9739603996276855
575,120.10307917216812,4.878714339721982,2.978811264038086
576,120.07964782798703,7.793242262402372,2.9841198921203613
577,120.05598782311753,4.925991982641183,2.98898983001709
578,120.03209894011019,7.869030827072113,2.993626594543457
579,120.00797776855535,4.97342635267945,2.9985170364379883
580,119.98362593845658,7.944686031353423,3.005300283432007
581,119.95904045974066,5.020531080345517,3.0103578567504883
582,119.93422513849112,8.019373928116064,3.0149824619293213
583,119.90917751897479,5.066748711053655,3.019655466079712
584,119.88390391411386,8.092149360421455,3.0242419242858887
585,119.85840251742505,5.111453608397645,3.028804063796997
586,119.83268246650869,8.161963437049367,3.033292293548584
587,119.8067427133503,5.153958341092402,3.0402441024780273
588,119.78059550655,8.227677012331503,3.044961452484131
589,119.75424065194113,5.193524080041621,3.0500357151031494
590,119.72769374220684,8.288080905167796,3.054713487625122
591,119.70095550915681,5.229375395772119,3.059235095977783
592,119.67404504547817,8.341923311826378,3.0639567375183105
593,119.6469640477263,5.260719633020198,3.072874069213867
594,119.61973516270022,8.387944459941641,3.0776448249816895
595,119.59236104715453,5.286770745397918,3.0824663639068604
596,119.56486783096507,8.424918019295932,3.087120532989502
597,119.53725907453274,5.306777105092709,3.091672420501709
598,119.50956417514381,8.451698148120546,3.096163511276245
599,119.48178748216318,5.320052378968844,3.1032657623291016
600,119.45396128714886,8.467270352573689,3.10799503326416
601,119.42609055339034,5.326008115611635,3.1125576496124268
602,119.39820993267028,8.470803634780655,3.1174468994140625
603,119.3703247696373,5.324186263698988,3.12202787399292
604,119.34247138960856,8.461700784012855,3.1265180110931396
605,119.314655237131,5.314289496968739,3.131164073944092
606,119.2869134930623,8.439643221181154,3.137212038040161
607,119.25925138601643,5.296207015668705,3.1418094635009766
608,119.23170603753941,8.404626633830091,3.146385669708252
609,119.20428212980617,5.270033484847622,3.151303768157959
610,119.17701575929955,8.35698381644671,3.155867099761963
611,119.14991073985745,5.236078997158704,3.1604018211364746
612,119.12300118046348,8.297391705649387,3.167783260345459
613,119.0962897378735,5.194868427679648,3.1740732192993164
614,119.06980763224738,8.22686057067967,3.178729772567749
615,119.04355613069409,5.14712926327129,3.1836063861846924
616,119.01756278015273,8.146704629237902,3.188206672668457
617,118.99182730040611,5.093767885991695,3.1927263736724854
618,118.96637294585659,8.058494893618738,3.200437307357788
619,118.94119781818584,5.035835283068483,3.2052597999572754
620,118.91632046053351,7.96399665251824,3.2098159790039062
621,118.8917373764555,4.974484135431537,3.214524984359741
622,118.86746219903836,7.865095472935362,3.2191762924194336
623,118.84348993976855,4.910920083910486,3.2237343788146973
624,118.8198293444539,7.763716775579987,3.229255199432373
625,118.79647411232534,4.846350575333841,3.2350430488586426
626,118.77342833075792,7.66174473315057,3.239769697189331
627,118.75068462219673,4.781934962488281,3.2442917823791504
628,118.72824282043986,7.56094635267689,3.2491183280944824
629,118.70609474091965,4.718739423495685,3.2539525032043457
630,118.68423650411513,7.4629060921889625,3.2585294246673584
631,118.6626594006233,4.657699777852327,3.2641122341156006
632,118.64135646693204,7.368975274372521,3.269777297973633
633,118.62031874337362,4.599594461364746,3.275916337966919
634,118.59953685368474,7.280239026548926,3.2808003425598145
635,118.57900183858843,4.545028882714377,3.285572052001953
636,118.55870257858571,7.19750169855503,3.290099620819092
637,118.53863032994654,4.494431258386467,3.29549241065979
638,118.51877286093908,7.121289929571875,3.3009018898010254
639,118.49912181641358,4.4480589620324995,3.3057382106781006
640,118.47966441702266,7.051870991466883,3.310368776321411
641,118.46039282502387,4.406013567436383,3.3151817321777344
642,118.4412941935097,6.989282922465889,3.319822072982788
643,118.42236128837462,4.368262209898186,3.3254544734954834
644,118.40358158181046,6.93337238990822,3.3304481506347656
645,118.38494849123283,4.334662680409096,3.3359315395355225
646,118.36645010048493,6.883836193113557,3.340660333633423
647,118.34808049389268,4.304989780554732,3.3452415466308594
648,118.32982857105611,6.840262753690471,3.350112199783325
649,118.31168907263793,4.27896083340488,3.3547446727752686
650,118.29365183973218,6.802170695043724,3.3602375984191895
651,118.27571223930931,4.256258767664684,3.3651223182678223
652,118.25786111392789,6.769042516772721,3.3707752227783203
653,118.2400944133726,4.236551765877703,3.3769335746765137
654,118.2224039893663,6.740352269006899,3.3819193840026855
655,118.2047863227377,4.219509005671584,3.3865528106689453
656,118.18723424292578,6.715586912504875,3.391948699951172
657,118.16974470601146,4.204812467378205,3.3966739177703857
658,118.15231146043581,6.694261648295645,3.402202606201172
659,118.13493188102923,4.192165104066198,3.406917095184326
660,118.11760055939541,6.675929897709688,3.411468029022217
661,118.10031523433382,4.181295869375204,3.4162888526916504
662,118.0830712558447,6.660188826063862,3.4237329959869385
663,118.06586667530433,4.171962190596304,3.4284729957580566
664,118.04869751369996,6.646681366973725,3.4333794116973877
665,118.03156208801042,4.163950484183926,3.4380273818969727
666,118.01445700469755,6.635095662334874,3.442538261413574
667,117.99738080431078,4.157075265144356,3.4470536708831787
668,117.98033059822396,6.625162726182074,3.451704740524292
669,117.96330511361145,4.151177324480905,3.4577267169952393
670,117.94630189299178,6.616653002614205,3.462442398071289
671,117.92931981817628,4.1461213588985295,3.4675204753875732
672,117.91235679677358,6.609372343246953,3.4720489978790283
673,117.89541183789245,4.141793347434319,3.4765899181365967
674,117.8784831561281,6.603157794191116,3.4828357696533203
675,117.86156986477582,4.138097888627472,3.488947629928589
676,117.84467043503534,6.597873465105102,3.4936699867248535
677,117.82778406503446,4.13495564332849,3.4985079765319824
678,117.81090943938872,6.593406656911098,3.5031485557556152
679,117.79404582497568,4.13230097345701,3.508244752883911
680,117.77719208313532,6.5896643503542425,3.512789487838745
681,117.76034753621305,4.130079825363183,3.5198349952697754
682,117.74351119130966,6.586570102637449,3.524585723876953
683,117.72668241532104,4.128247876328628,3.5291788578033447
684,117.70986033509622,6.584061360915808,3.5340616703033447
685,117.69304435313214,4.126768942170284,3.5386106967926025
686,117.67623369422614,6.582087176180013,3.5431268215179443
687,117.65942778914759,4.125613630836075,3.5477256774902344
688,117.64262594237448,6.580606285926859,3.553776264190674
689,117.62582760694072,4.1247582194471795,3.558387041091919
690,117.60903215166469,6.579585526262132,3.5633227825164795
691,117.5922390469025,4.124183728856245,3.5681345462799072
692,117.57544771287344,6.5789985314947,3.5726771354675293
693,117.55865763316402,4.1238751691666495,3.577180862426758
694,117.54186826840322,6.57882468009873,3.5853774547576904
695,117.52507911198998,4.1238209308090275,3.5901365280151367
696,117.5082896555387,6.5790482487959805,3.594674825668335
697,117.49149939936952,4.124012297950888,3.5996320247650146
698,117.47470785790523,6.579657740522028,3.6042370796203613
699,117.45791453590364,4.124443063709365,3.6088006496429443
700,117.44111896340024,6.580645356474715,3.6159439086914062
701,117.42432064741813,4.12510922947808,3.6209115982055664
702,117.40751912717194,6.582006586907131,3.625466823577881
703,117.39071391000897,4.126008773449187,3.6302437782287598
704,117.37390453847082,6.583739899506302,3.6349384784698486
705,117.35709051845545,4.127141475962709,3.639467239379883
706,117.34027139040991,6.585846507998982,3.64630389213562
707,117.32344665712509,4.12850879159177,3.6519103050231934
708,117.30661585183915,6.588330206920515,3.656627893447876
709,117.28977847264916,4.130113759838031,3.661203145980835
710,117.27293404067372,6.591197261317949,3.6664068698883057
711,117.25608204776532,4.131960947980864,3.6710612773895264
712,117.23922199812661,6.594456342522563,3.6766605377197266
713,117.22235337581978,4.134056421004545,3.6822197437286377
714,117.20547566337501,6.598118503080695,3.688925266265869
715,117.18858833549648,4.136407734667231,3.6937663555145264
716,117.17169084825848,6.602197185508552,3.6987311840057373
717,117.15478266539378,4.139023948684919,3.703423500061035
718,117.13786321165158,6.606708260806407,3.7112340927124023
719,117.12093193811185,4.141915657733205,3.7168478965759277
720,117.10398823319044,6.6116700936603845,3.7217350006103516
721,117.08703153354453,4.1450950385336185,3.726367712020874
722,117.07006118605888,6.617103632032143,3.731255054473877
723,117.0530766110893,4.148575911727059,3.738405466079712
724,117.03607710855495,6.623032519400273,3.7438886165618896
725,117.01906208050326,4.152373817549374,3.7494113445281982
726,117.00203077417167,6.629483228339863,3.7543721199035645
727,116.9849825711429,4.156506104546819,3.759021759033203
728,116.96791665993074,6.636485214378644,3.763904571533203
729,116.95083239932724,4.160992030697326,3.772157669067383
730,116.93372891271285,6.644071089192971,3.777282953262329
731,116.91660553357056,4.16585287634992,3.7822763919830322
732,116.89946131332718,6.652276812234731,3.7884178161621094
733,116.88229555742522,4.171112068367595,3.793118476867676
734,116.865107238066,6.6611418997211596,3.79781436920166
735,116.84789562968197,4.176795314742691,3.802567481994629
736,116.83065961748706,6.670709649699687,3.808715581893921
737,116.8133984416712,4.1829307487602945,3.8136744499206543
738,116.7961108921716,6.681027381469821,3.8183505535125732
739,116.77879617141447,4.189549081487591,3.8229026794433594
740,116.76145296520932,6.6921466871081146,3.8274598121643066
741,116.74408043438166,4.196683760968135,3.8319945335388184
742,116.72667715117154,6.704123692068647,3.8394153118133545
743,116.70924223062289,4.204371135972471,3.844566822052002
744,116.69177412135019,6.7170193208825495,3.8494629859924316
745,116.67427188806255,4.212650621484212,3.8541274070739746
746,116.65673384506417,6.730899562753381,3.858696937561035
747,116.63915900177552,4.221564862258839,3.8632287979125977
748,116.62154552687443,6.7458357303256875,3.8710250854492188
749,116.60389236910986,4.231159889753786,3.875772714614868
750,116.58619753959753,6.761904703052388,3.8806803226470947
751,116.56845992057767,4.241485266457724,3.8853671550750732
752,116.55067735308208,6.77918914433067,3.8914694786071777
753,116.53284864652606,4.252594210118284,3.896151304244995
754,116.51497145880771,6.7977776788667885,3.9035072326660156
755,116.49704451970462,4.26454368853514,3.9082651138305664
756,116.47906529049438,6.817765013516675,3.9128003120422363
757,116.4610324139951,4.277394473421834,3.917495012283325
758,116.44294314107297,6.839251981072566,3.92207670211792
759,116.4247960197544,4.29121113931133,3.9265832901000977
760,116.40658807658335,6.862345482069426,3.9318900108337402
761,116.3883177564622,4.306061990552582,3.937191963195801
762,116.36998184783162,6.887158294657844,3.941817283630371
763,116.35157868366626,4.322018896116908,3.9464385509490967
764,116.33310480097731,6.913808716890505,3.951125144958496
765,116.31455841158993,4.339157008195087,3.9556806087493896
766,116.29593578863762,6.942419999469383,3.9601645469665527
767,116.27723501323752,4.35755433645783,3.966230630874634
768,116.25845208361096,6.973119520130261,3.9711921215057373
769,116.23958494039252,4.377291145439088,3.996621608734131
770,116.22062929794367,7.0060376436106715,4.007058382034302
771,116.2015829465935,4.398449137912628,4.017277240753174
772,116.18244131081494,7.041306203769167,4.03236198425293
773,116.16320202098906,4.421110382555984,4.048417806625366
774,116.1438602096077,7.079056537319172,4.054798364639282
775,116.12441333793974,4.445355939925597,4.075640916824341
776,116.10485624957302,7.119416992322549,4.0900938510894775
777,116.0851862283638,4.471264137188605,4.104966878890991
778,116.06539783870923,7.162509829871556,4.110161781311035
779,116.04548818010446,4.498908439722025,4.115995407104492
780,116.02545155583863,7.208447435161,4.123853445053101
781,116.00528487605207,4.528354867266238,4.129368782043457
782,115.98498221139016,7.257327755771639,4.13504958152771
783,115.9645402803341,4.559658904693786,4.139988899230957
784,115.94395296203298,7.309228891905293,4.15602970123291
785,115.92321678457199,4.592861863652184,4.161677837371826
786,115.90232549201836,7.364202777395962,4.169974327087402
787,115.88127542791861,4.627986662590522,4.190898656845093
788,115.86006027577572,7.422267913625277,4.20306396484375
789,115.83867620622324,4.665033010339473,4.208817720413208
790,115.81711693785104,7.483401153239412,4.221670627593994
791,115.79537848707689,4.703972003916271,4.226585388183594
792,115.7734547274849,7.547528579090706,4.240868091583252
793,115.75134154844677,4.744740185978955,4.255852699279785
794,115.72903312576472,7.614515588184098,4.260643005371094
795,115.70652525884113,4.787233152557031,4.272626876831055
796,115.6838126030223,7.684156372229741,4.294825553894043
797,115.6608909161017,4.831298858132302,4.319204807281494
798,115.63775554261153,7.756163086299702,4.335243463516235
799,115.61440225957081,4.876730832867461,4.353975057601929
800,115.59082734392628,7.830155114362133,4.365139484405518
801,115.56702666605679,4.9232616047681805,4.373159646987915
802,115.5429977120119,7.90564897211265,4.385460376739502
803,115.51873653320919,4.970556705223625,4.397871255874634
804,115.49424213288992,7.982049527976549,4.411375522613525
805,115.46951084413821,5.018209725187452,4.421403169631958
806,115.44454352231025,8.058643363107626,4.432749271392822
807,115.41933689401212,5.065738974303866,4.437533855438232
808,115.39389402080691,8.134595217479296,4.443337440490723
809,115.3682121427762,5.112586366958492,4.4515557289123535
810,115.34229688966667,8.20894856410139,4.456203460693359
811,115.31614613830034,5.158119205243139,4.4606828689575195
812,115.28976844119,8.280631395332653,4.465572357177734
813,115.26316243188136,5.2016355345399425,4.470338821411133
814,115.23633991347431,8.348468269433702,4.476930141448975
815,115.20930038454058,5.242373696836116,4.483068943023682
816,115.18205917666947,8.411199526324243,4.48841404914856
817,115.15461674011271,5.27952658431648,4.4985032081604
818,115.1269921368241,8.467508315695978,4.505345582962036
819,115.09918682272558,5.312260888376319,4.512014627456665
820,115.07122368838745,8.516055672116977,4.519788026809692
821,115.04310520552335,5.3397413401720355,4.524391412734985
822,115.01485806099971,8.555523317115354,4.5295939445495605
823,114.986485698356,5.3611595511508385,4.534341335296631
824,114.95801841430482,8.584663182579899,4.540996551513672
825,114.9294605183544,5.37576660188725,4.545725584030151
826,114.9008455594758,8.602351872038339,4.55134129524231
827,114.87217854154088,5.382908027066105,4.556058883666992
828,114.84349572983184,8.607647471355904,4.5613367557525635
829,114.81480258673096,5.382059351887853,4.5667502880096436
830,114.78613738494613,8.59984537782821,4.573751926422119
831,114.75750575313307,5.372859912606491,4.578450679779053
832,114.72894710959294,8.578529243788129,4.583392858505249
833,114.7004669151963,5.355142410958486,4.587944746017456
834,114.67210475410751,8.543612839761312,4.592436075210571
835,114.64386556420726,5.328955576374246,4.596987247467041
836,114.61578804665729,8.495368731878347,4.605120658874512
837,114.58787626521098,5.294577494298689,4.610301494598389
838,114.56016697919692,8.434440204279912,4.615846157073975
839,114.53266305842844,5.252517630160533,4.62214207649231
840,114.50539831612693,8.361833853383109,4.626740455627441
841,114.47837416587603,5.203506326244653,4.631420373916626
842,114.45162058869336,8.278891686330992,4.638062477111816
843,114.4251373590531,5.148471520943135,4.642716407775879
844,114.39894991397793,8.187243253024835,4.647725343704224
845,114.37305630009834,5.088503544988112,4.652764797210693
846,114.3474769156323,8.088740154513783,4.6573100090026855
847,114.32220809045857,5.024809965555332,4.662130355834961
848,114.29726493098592,7.985376987950663,4.669091463088989
849,114.27264215727403,4.95866344038969,4.67408013343811
850,114.248349577521,7.879204189469418,4.678898334503174
851,114.2243804918861,4.891346278990298,4.683896064758301
852,114.20073963564535,7.772239125197005,4.688432931900024
853,114.17741914226441,4.824095779826061,4.693089962005615
854,114.15441909911372,7.666382016723727,4.7007787227630615
855,114.13173076576332,4.758054357284182,4.705502510070801
856,114.1093501618696,7.563342811443639,4.710074424743652
857,114.08726798091664,4.694227980596469,4.7150938510894775
858,114.0654768585586,7.464583958274668,4.721188068389893
859,114.04396722239987,4.633455571602599,4.726479530334473
860,114.02272905823094,7.371282363486792,4.732842445373535
861,114.00175280188111,4.576390859360143,4.737706899642944
862,113.981026524391,7.284311803648972,4.7422850131988525
863,113.96054090466765,4.523496922160808,4.747173070907593
864,113.9402827932128,7.204245039942314,4.751821756362915
865,113.92024330011641,4.475052436235455,4.756361722946167
866,113.90040867681783,7.131373091640893,4.764631032943726
867,113.8807706036346,4.431167658347163,4.769803047180176
868,113.86131526087613,7.065737818060798,4.774694204330444
869,113.84203499096395,4.39180751619825,4.780031204223633
870,113.82291632731211,7.007173264149431,4.78478479385376
871,113.80395232403652,4.356818919846297,4.789390325546265
872,113.78513018731924,6.955351163742975,4.796061277389526
873,113.76644369693346,4.325959520673589,4.801764965057373
874,113.74788095331695,6.909826474810933,4.80647873878479
875,113.72943644762016,4.2989255530214185,4.811075448989868
876,113.71109930925832,6.870079674652417,4.816073417663574
877,113.69286470554059,4.275376983134471,4.820679426193237
878,113.67472285706093,6.8355535730107695,4.828348398208618
879,113.65666955780536,4.254958840389643,4.834468126296997
880,113.63869612443499,6.805683426622342,4.839245319366455
881,113.62079891959884,4.237318215582566,4.843793630599976
882,113.6029703183274,6.779920026202821,4.848708629608154
883,113.58520719004437,4.222116912255708,4.853404760360718
884,113.56750290112943,6.757746101791512,4.859878301620483
885,113.54985476560161,4.2090400978979945,4.865527391433716
886,113.53225705609704,6.738686834886914,4.870431184768677
887,113.51470747135558,4.1978015211667685,4.875186443328857
888,113.49720109612988,6.722315496293663,4.879936695098877
889,113.47973595805774,4.18814595851672,4.884609222412109
890,113.46230785767257,6.708255290115492,4.890502691268921
891,113.44491510078046,4.179849558286869,4.895456552505493
892,113.42755411005807,6.696178427520843,4.900948762893677
893,113.41022342434002,4.172718693615509,4.905683755874634
894,113.39292000073674,6.685803326146974,4.910174369812012
895,113.37564257164853,4.1665878450361085,4.9150002002716064
896,113.3583885487407,6.676890670769567,4.919670581817627
897,113.34115682399289,4.161316930538105,4.926440954208374
898,113.32394519246131,6.669238905740909,4.93220853805542
899,113.30675267680957,4.156788399836496,4.937074661254883
900,113.28957739319083,6.66267957721038,4.94167160987854
901,113.27241847065396,4.152904319282115,4.9470062255859375
902,113.25527429268325,6.657072812513477,4.9535746574401855
903,113.23814407446767,4.149583598402742,4.958588361740112
904,113.22102642093614,6.652303118690474,4.963541269302368
905,113.20392061668015,4.1467594494660425,4.968219041824341
906,113.18682544924972,6.648275601340971,4.973069190979004
907,113.16974025888386,4.1443771267301015,4.977830410003662
908,113.15266398311479,6.644912646264497,4.982486963272095
909,113.1355960065758,4.142391960201602,4.989538908004761
910,113.11853538945309,6.642151065898894,4.994179964065552
911,113.10148155159145,4.140767677376163,4.999530076980591
912,113.08443365299144,6.63993968664482,5.0043785572052
913,113.06739114122028,4.139474993243327,5.009465217590332
914,113.05035325699552,6.638237338158016,5.014469146728516
915,113.0333194694886,4.138490441672049,5.021674156188965
916,113.01628908411836,6.6370111985932265,5.026319265365601
917,112.99926158664071,4.137795418403792,5.032918453216553
918,112.98223633367158,6.636235448053669,5.037513256072998
919,112.96521282340316,4.137375405831623,5.042086124420166
920,112.94819045216977,6.635890184282197,5.04863429069519
921,112.93116872713594,4.13721935148772,5.054174423217773
922,112.91414707449316,6.635960558412885,5.058932781219482
923,112.8971250074459,4.137319174886894,5.063924789428711
924,112.88010197346017,6.63643609346606,5.068556547164917
925,112.86307748925448,4.137669380552851,5.073187828063965
926,112.84605101598488,6.637310153405233,5.077944993972778
927,112.82902207166474,4.138266758300602,5.08520245552063
928,112.811990124323,6.6385795356565405,5.089941501617432
929,112.79495469127268,4.139110154950658,5.094537258148193
930,112.7779152411773,6.6402441646412385,5.099803447723389
931,112.76087128881304,4.140200304466416,5.104379892349243
932,112.74382229766107,6.642306868056077,5.109288692474365
933,112.72676777822889,4.141539705984782,5.116554498672485
934,112.70970718329129,6.644773221220273,5.121312141418457
935,112.69264001741533,4.143132541326953,5.12589955329895
936,112.67556571732987,6.647651447863503,5.1323065757751465
937,112.65848378001212,4.1449846253579565,5.137123107910156
938,112.64139362089885,6.6509523682415015,5.141731262207031
939,112.62429472771892,4.147103384022844,5.148803472518921
940,112.60718648938436,6.654689387532612,5.153677225112915
941,112.59006838268036,4.149497856075992,5.1582441329956055
942,112.57293976470666,6.658878519113874,5.163750648498535
943,112.55580009954636,4.1521787154622025,5.168527364730835
944,112.53864870708269,6.6635384386296375,5.173135757446289
945,112.52148503685213,4.155158312052339,5.17952823638916
946,112.50430836594349,6.668690565763471,5.185381889343262
947,112.48711812739377,4.158450729000591,5.190035104751587
948,112.46991354969238,6.674359171397067,5.194852352142334
949,112.45269404729406,4.162071855415399,5.1995532512664795
950,112.43545879400715,6.6805715083791775,5.204251050949097
951,112.41820718346807,4.166039473326823,5.210968255996704
952,112.40093832839814,6.687357964508717,5.216746091842651
953,112.38365159920471,4.170373358124303,5.222058296203613
954,112.36634604074422,6.694752236513091,5.226643800735474
955,112.34902099758614,4.175095391719862,5.231641530990601
956,112.33167543952743,6.702791523877405,5.237767457962036
957,112.31430868246882,4.180229687684909,5.244060754776001
958,112.29691961349255,6.711516741258066,5.249775648117065
959,112.27950751675203,4.1858027275052985,5.254535436630249
960,112.26207118845767,6.72097274796886,5.259184837341309
961,112.24460987766277,4.1918435068954825,5.264132499694824
962,112.22712228100643,6.731208592605128,5.268750190734863
963,112.20960760878847,4.198383690805537,5.275915861129761
964,112.19206444879997,6.742277770264566,5.281615495681763
965,112.17449196860301,4.205457775320468,5.2865071296691895
966,112.15688863725566,6.754238489019148,5.291060209274292
967,112.13925357523898,4.213103254086826,5.295932054519653
968,112.12158512236135,6.767153941235205,5.300631046295166
969,112.10388234729,4.221360786172081,5.312607288360596
970,112.08614344942147,6.7810925740093095,5.320145606994629
971,112.06836744045654,4.2302743613473925,5.326220989227295
972,112.0505523675717,6.7961283513380675,5.332003593444824
973,112.03269717990047,4.2398914576598195,5.352935791015625
974,112.0147997599606,6.812340998604524,5.358148813247681
975,111.99685898824166,4.250263184777549,5.386932373046875
976,111.97887256957308,6.829816217508692,5.403780698776245
977,111.9608393092242,4.26144440493418,5.4208362102508545
978,111.94275672078167,6.848645856613293,5.4334471225738525
979,111.92462352720034,4.273493821310104,5.447834014892578
980,111.90643703684981,6.868928019177318,5.462425470352173
981,111.88819588274555,4.286474021347499,5.4748053550720215
982,111.86989715379565,6.890767085828733,5.487447261810303
983,111.85153938492222,4.300451459755861,5.4988367557525635
984,111.83311943126277,6.914273624865906,5.511303424835205
985,111.81463572097603,4.3154963628111656,5.525311708450317
986,111.79608486133459,6.939564157516193,5.537318706512451
987,111.7774651645816,4.331682531963789,5.548532009124756
988,111.75877297660855,6.966760739335776,5.562502384185791
989,111.74000648416857,4.349087020762544,5.58291220664978
990,111.72116175930272,6.995990312143075,5.5929930210113525
991,111.70223685336944,4.36778965471772,5.608033895492554
992,111.68322755373295,7.027383773538939,5.622852563858032
993,111.66413176625662,4.3878723590424,5.627944469451904
994,111.64494498518785,7.061074703390391,5.6327104568481445
995,111.62566496078587,4.4094182543907925,5.63746190071106
996,111.60628688904835,7.097197678914933,5.64201807975769
997,111.58680835476319,4.432510475972895,5.648092031478882
998,111.56722425497537,7.135886102672693,5.653422117233276
999,111.54753199970682,4.457230667096188,5.658574104309082
1000,111.52772619213084,7.177269461511751,5.663585901260376
1001,111.5078040592049,4.48365709473442,5.668527603149414
1002,111.48775992270738,7.221469930120781,5.673111200332642
1003,111.4675908197628,4.511862332748743,5.6778223514556885
1004,111.44729081252287,7.26859823151317,5.682554006576538
1005,111.42685674369945,4.541910458670477,5.6889894008636475
1006,111.40628244907063,7.318748669866405,5.693774461746216
1007,111.3855645753453,4.573853713466095,5.698495388031006
1008,111.3646967791631,7.371993260416337,5.70354962348938
1009,111.34367551358,4.607728581605423,5.708524227142334
1010,111.3224943201019,7.428374898561504,5.713385820388794
1011,111.30114946553006,4.643551262376811,5.720033168792725
1012,111.27963446004878,7.487899538250473,5.725001335144043
1013,111.25794539790827,4.6813125242181854,5.729804515838623
1014,111.23607586480307,7.55052739051295,5.734520673751831
1015,111.2140218038258,4.720971963370239,5.739130735397339
1016,111.19177700929754,7.616163209071813,5.744195938110352
1017,111.16933730370452,4.76245172786797,5.749071359634399
1018,111.14669685252912,7.684645803400449,5.756019115447998
1019,111.12385139883838,4.80562981891749,5.760894775390625
1020,111.10079567397754,7.755737011858665,5.76576566696167
1021,111.07752539479819,4.850333144679812,5.770360469818115
1022,111.05403608740347,7.829110478874223,5.7750403881073
1023,111.03032350877841,4.896330576130696,5.77966833114624
1024,111.0063842437529,7.9043407090760756,5.785508632659912
1025,110.98221416961923,4.9433263393866955,5.790320158004761
1026,110.95781122819962,7.980893013819836,5.795073509216309
1027,110.93317151107922,4.9909541703235965,5.799871921539307
1028,110.9082946466147,8.05811511441355,5.804508686065674
1029,110.88317704749271,5.038772749838039,5.809100389480591
1030,110.8578203835406,8.135231310334188,5.816976547241211
1031,110.83222150591118,5.08626302341853,5.822331190109253
1032,110.80638449688207,8.211340244097714,5.82716965675354
1033,110.78030677015848,5.132828075622878,5.831945896148682
1034,110.75399519416227,8.285417376824995,5.836577415466309
1035,110.72744787032923,5.177796264619905,5.841124534606934
1036,110.70067481202834,8.356323305525356,5.846505641937256
1037,110.6736749271627,5.2204283079799385,5.869300842285156
1038,110.6464616961157,8.422818977692152,5.874391317367554
1039,110.61903493620518,5.259928931333101,5.880996465682983
1040,110.59141185460022,8.483588664182953,5.885898590087891
1041,110.56359325438042,5.295463530547114,5.890502691268921
1042,110.53560023883124,8.537271215096634,5.8950841426849365
1043,110.50743463495255,5.326180044139786,5.899813652038574
1044,110.4791214921348,8.582499632782278,5.904723405838013
1045,110.45066364993502,5.351235882096008,5.910096645355225
1046,110.42209000736736,8.617948354649638,5.915087699890137
1047,110.39340434593608,5.369829318385731,5.919891357421875
1048,110.36463914908445,8.642386871666181,5.924517631530762
1049,110.33579900385402,5.381234250904321,5.929418325424194
1050,110.30691953027558,8.654737468732309,5.940652132034302
1051,110.27800591692046,5.384836705271022,5.946365833282471
1052,110.24909628761452,8.654134040790284,5.951260566711426
1053,110.22019616515014,5.380170965530514,5.955941915512085
1054,110.19134537140745,8.639978217929107,5.960658550262451
1055,110.16254944396582,5.366952825306148,5.965333938598633
1056,110.13384895183286,8.611988542097205,5.971400499343872
1057,110.10524909382275,5.345107241450925,5.976672887802124
1058,110.0767901331947,8.570238293126748,5.981831312179565
1059,110.04847656610177,5.314787705290618,5.987066745758057
1060,110.02034725161023,8.515177855152432,5.991708755493164
1061,109.99240563640492,5.276384969704212,5.996326684951782
1062,109.96468809650473,8.447638294111753,6.000976324081421
1063,109.93719672754584,5.230523395551257,6.006129026412964
1064,109.90996443116836,8.368814068152188,6.011127233505249
1065,109.88299172104982,5.178044078097698,6.016665697097778
1066,109.85630718445276,8.280224429350197,6.021426439285278
1067,109.82990961232586,5.119975008575102,6.0270607471466064
1068,109.8038226417747,8.183654942235961,6.031907320022583
1069,109.77804330130482,5.057489704797757,6.036800146102905
1070,109.75258988263238,8.081082434619866,6.041930675506592
1071,109.72745771413699,4.991856869762908,6.046557664871216
1072,109.70265960360902,7.974588375282822,6.051535367965698
1073,109.67818933476777,4.924384564124947,6.056161403656006
1074,109.65405434455269,7.866266914827505,6.060733318328857
1075,109.63024710340234,4.856362978292863,6.066017150878906
1076,109.60677001734403,7.758134446037782,6.074171781539917
1077,109.58361452786603,4.789010069167679,6.079049110412598
1078,109.56077853630204,7.652047427559569,6.084089756011963
1079,109.53825276698855,4.723424044055958,6.088752746582031
1080,109.51603127800476,7.549634355111839,6.093806743621826
1081,109.49410439099842,4.6605459516953545,6.098928213119507
1082,109.47246306192254,7.452246250852965,6.105642080307007
1083,109.4510975054032,4.601134564127371,6.110455513000488
1084,109.42999634185395,7.3609280689722585,6.115217924118042
1085,109.40914993940669,4.5457544459714,6.119848728179932
1086,109.38854532686561,7.276411255905251,6.124541997909546
1087,109.3681732407959,4.494776787700006,6.129127264022827
1088,109.34801980105946,7.1991256609868195,6.134515285491943
1089,109.32807627726274,4.44839140982801,6.139845132827759
1090,109.30832847441803,7.12922734733093,6.144504547119141
1091,109.28876830965233,4.406627478340852,6.150037050247192
1092,109.26938176289157,7.066637802512289,6.1546547412872314
1093,109.25016146703331,4.369380000833981,6.15924596786499
1094,109.23109395714899,7.011089675164917,6.163822650909424
1095,109.21217261022628,4.336439114251056,6.169281721115112
1096,109.19338479066893,6.962174422003973,6.174123287200928
1097,109.17472461544385,4.3075194728732535,6.180559158325195
1098,109.15618045628815,6.919387993323608,6.19143009185791
1099,109.13774714134152,4.2822875919361865,6.196403503417969
1100,109.11941414534215,6.8821717115928545,6.202590465545654
1101,109.10117696137776,4.260385669775546,6.207463979721069
1102,109.08302619621637,6.849946601583735,6.21212363243103
1103,109.06495795064372,4.2414510806323245,6.216852426528931
1104,109.04696394164404,6.822140443719254,6.2214555740356445
1105,109.02904081472562,4.2251313121555265,6.226637840270996
1106,109.01118133907843,6.798207637256851,6.233395338058472
1107,108.9933826403916,4.2110945657843875,6.238234996795654
1108,108.97563845857619,6.777642531338212,6.244070768356323
1109,108.95794633647523,4.199036530321287,6.249800443649292
1110,108.94030089019583,6.759987215230608,6.254499435424805
1111,108.92270002035393,4.188683991715728,6.2594077587127686
1112,108.90513911978363,6.744834892136237,6.288647890090942
1113,108.88761639247475,4.1797959834068825,6.302253723144531
1114,108.8701279094991,6.731829946014211,6.314279317855835
1115,108.85267212950674,4.1721631447419885,6.330104112625122
1116,108.8352457083386,6.720665701012389,6.342695713043213
1117,108.81784731650264,4.165605871316777,6.35835862159729
1118,108.80047410865998,6.711080713616464,6.367671966552734
1119,108.78312493016604,4.1599717359741595,6.375180244445801
1120,108.76579735737671,6.702854262734113,6.385288715362549
1121,108.7484903789289,4.155132550946303,6.392959833145142
1122,108.73120192499354,6.69580153528019,6.400040149688721
1123,108.71393110088083,4.150981341761054,6.4086949825286865
1124,108.69667613175356,6.689768857507979,6.4184699058532715
1125,108.6794362173895,4.147429418154035,6.42365837097168
1126,108.66220982759627,6.6846292009805675,6.4452056884765625
1127,108.6449962382405,4.144403658485183,6.4521729946136475
1128,108.62779412109792,6.680278097482709,6.457197427749634
1129,108.6106028130153,4.141844071666991,6.461824417114258
1130,108.59342115182248,6.676630027128768,6.4664294719696045
1131,108.57624852298842,4.139701662563611,6.47112512588501
1132,108.55908390032134,6.673615294803169,6.475689888000488
1133,108.54192670783772,4.13793660077367,6.480273008346558
1134,108.52477603020341,6.671177377766645,6.487063407897949
1135,108.50763132177957,4.136516676132162,6.491899728775024
1136,108.49049175711225,6.669270707828543,6.496509313583374
1137,108.47335681422233,4.135416014789575,6.501165866851807
1138,108.45622573997836,6.667858841494327,6.50573992729187
1139,108.43909803059503,4.134614025362705,6.510429620742798
1140,108.42197299049762,6.666912968019462,6.515576601028442
1141,108.40485012959637,4.134094543748759,6.520612001419067
1142,108.38772879736243,6.666410706163536,6.525221586227417
1143,108.37060851366488,4.133845146518389,6.529943466186523
1144,108.35348866231254,6.666335143895999,6.534888029098511
1145,108.33636876998862,4.1338566054084,6.539441108703613
1146,108.31924824555777,6.666674080173297,6.543978691101074
1147,108.30212661982772,4.134122458677913,6.549489498138428
1148,108.28500331855179,6.667419433297754,6.554306507110596
1149,108.26787787431597,4.1346386785110045,6.558897972106934
1150,108.25074972245521,6.668566785800898,6.563549041748047
1151,108.23361839524108,4.13540341697475,6.568143606185913
1152,108.21648333093168,6.670115040861206,6.572678804397583
1153,108.19934405957316,4.1364168160991746,6.577284336090088
1154,108.18220001616594,6.6720661698399315,6.582837104797363
1155,108.16505072674131,4.13768087035839,6.5891993045806885
1156,108.14789561719597,6.674425034487883,6.594082593917847
1157,108.13073420783094,4.139199332165993,6.598828077316284
1158,108.1135659098101,6.677199270763087,6.603487253189087
1159,108.09639023602155,4.140977652965851,6.608075141906738
1160,108.07920657738504,6.680399224001987,6.613034725189209
1161,108.06201443769173,4.143022954123653,6.618124961853027
1162,108.04481318213811,6.6840379275031365,6.622850179672241
1163,108.02760230370427,4.1453440231480725,6.627479076385498
1164,108.01038113634239,6.688131118417437,6.632468938827515
1165,107.99314916044933,4.147951331822594,6.637420892715454
1166,107.97590567310476,6.692697286329207,6.642491817474365
1167,107.95865014026776,4.150857073665144,6.647622346878052
1168,107.94138181635084,6.697757751032933,6.652490615844727
1169,107.92410015091517,4.154075218768828,6.657110929489136
1170,107.9068043496884,6.703336766894825,6.6618876457214355
1171,107.88949384374507,4.157621584556931,6.666614294052124
1172,107.87216778383716,6.709461651804505,6.671415567398071
1173,107.85482558031222,4.1615139213259145,6.677059173583984
1174,107.83746632233071,6.716162939169635,6.682125091552734
1175,107.82008939709935,4.165772011671437,6.686921119689941
1176,107.80269382519899,6.723474551637075,6.693269968032837
1177,107.78527896808313,4.1704177830050675,6.698058605194092
1178,107.7678437703462,6.731433995325413,6.702656984329224
1179,107.75038756485307,4.175475432381654,6.709110975265503
1180,107.73290921234107,6.7400825732738765,6.714370250701904
1181,107.71540801400235,4.1809715627688995,6.719161510467529
1182,107.69788273833902,6.749465616576523,6.72376012802124
1183,107.68033265151013,4.186935329701803,6.728447914123535
1184,107.66275642085738,6.759632731262918,6.733105659484863
1185,107.64515327384147,4.19339859695893,6.738449335098267
1186,107.62752176713329,6.770638058388544,6.743446588516235
1187,107.60986108549692,4.200396099474628,6.74830174446106
1188,107.59216966480447,6.782540543986369,6.753269910812378
1189,107.57444664276065,4.207965611129785,6.757976055145264
1190,107.55669032366984,6.795404214464875,6.762871026992798
1191,107.53889979341872,4.216148114332825,6.767576217651367
1192,107.52107321331825,6.809298451695712,6.772637844085693
1193,107.50320961225165,4.22498796738104,6.777364492416382
1194,107.48530699645218,6.824298260345717,6.7822582721710205
1195,107.46736433215736,4.234533064445668,6.787091493606567
1196,107.44937945779482,6.8404845179435645,6.793499946594238
1197,107.43135127082748,4.244834981630958,6.798338174819946
1198,107.41327742854503,6.857944195645589,6.804137945175171
1199,107.39515675299575,4.255949100857702,6.808933973312378
1200,107.37698670646003,6.876770534658893,6.813729763031006
1201,107.35876602839892,4.267934701306518,6.818378448486328
1202,107.3404919717798,6.897063159660641,6.823439598083496
1203,107.32216318575851,4.280855005755279,6.8434388637542725
1204,107.30377669940256,6.918928106336979,6.84841513633728
1205,107.28533106329697,4.294777166344583,6.8529791831970215
1206,107.26682306795125,6.942477735256342,6.857578992843628
1207,107.24825115657802,4.309772171072758,6.862525701522827
1208,107.22961186668043,6.967830498644894,6.867794036865234
1209,107.21090352479337,4.325914648634891,6.872539281845093
1210,107.1921224015481,6.995110520293233,6.877366304397583
1211,107.17326669704897,4.3432825450988535,6.882164716720581
1212,107.15433240225167,7.024446941787158,6.886714935302734
1213,107.13531758072172,4.361956641389619,6.891406536102295
1214,107.11621793260623,7.055972980643763,6.8992345333099365
1215,107.09703137460075,4.382019875719113,6.908751487731934
1216,107.07775330734599,7.0898246379408265,6.915790557861328
1217,107.05838149030018,4.403556430106923,6.920499801635742
1218,107.03891101927901,7.126138984975283,6.925126075744629
1219,107.01933948635184,4.426650535212965,6.931493759155273
1220,106.99966168172601,7.165051950820671,6.936514854431152
1221,106.97987502047827,4.451384943201013,6.941400527954102
1222,106.95997399235334,7.2066955260486845,6.9465858936309814
1223,106.93995582680849,4.477839014721688,6.9512481689453125
1224,106.91981472586338,7.25119429325582,6.955851316452026
1225,106.89954772624522,4.5060863639998034,6.962826490402222
1226,106.8791487645349,7.298661193493744,6.967801809310913
1227,106.85861467980578,4.53619200621611,6.9723920822143555
1228,106.83793917730031,7.349192440809072,6.977454900741577
1229,106.81711889651542,4.568208954913906,6.982268810272217
1230,106.7961473598534,7.402861506577023,6.986882448196411
1231,106.77502100928375,4.6021742252338855,6.99174165725708
1232,106.75373325014884,7.459712113316296,6.999345302581787
1233,106.7322803340439,4.638104212780676,7.004096746444702
1234,106.71065563545923,7.519750206598761,7.008713006973267
1235,106.68885522915936,4.675989439395975,7.014189720153809
1236,106.66687256874714,7.582934915993977,7.01883864402771
1237,106.64470357350874,4.715788687639549,7.023537874221802
1238,106.62234191326237,7.649168574326613,7.029402256011963
1239,106.59978338248459,4.757422586876944,7.034610271453857
1240,106.5770220346936,7.71828594099068,7.039298057556152
1241,106.55405358105887,4.8007667667563005,7.044801950454712
1242,106.53087265950714,7.790042871243832,7.049704313278198
1243,106.50747495165294,4.845644759165932,7.054364919662476
1244,106.48385591584709,7.864104789553244,7.0600056648254395
1245,106.46001127130971,4.891820907220035,7.064944505691528
1246,106.4359375690189,7.940035459556739,7.069783926010132
1247,106.41163064706265,4.9389936277158135,7.074388265609741
1248,106.38708845657908,8.017286691873935,7.079737901687622
1249,106.36230704986035,4.986789468324304,7.084453344345093
1250,106.33728611785986,8.095189786056626,7.090922117233276
1251,106.31202203544676,5.034758496552273,7.098141193389893
1252,106.28651659895704,8.172949652610624,7.1029369831085205
1253,106.26076662488333,5.08237164552974,7.107536792755127
1254,106.2347763965814,8.249642688484194,7.112790584564209
1255,106.20854329789957,5.129020710140799,7.117448806762695
1256,106.18207448292158,8.324219563221732,7.123112201690674
1257,106.1553680294258,5.1740217212245145,7.128554582595825
1258,106.12843432954278,8.395514087277444,7.133529424667358
1259,106.10127227459054,5.2166224085545325,7.138538360595703
1260,106.07389582281856,8.462259250359145,7.143760681152344
1261,106.04630478206383,5.256014377239739,7.148819923400879
1262,106.01851693883974,8.523111308049746,7.155291795730591
1263,105.99053309270889,5.291350450665275,7.160643577575684
1264,105.96237502538325,8.576682436121526,7.165719509124756
1265,105.93404456369545,5.321767364355018,7.17046046257019
1266,105.90556752635464,8.621581951343389,7.175062894821167
1267,105.87694675180113,5.346413625970421,7.1804986000061035
1268,105.84821198452089,8.656465419958609,7.187074184417725
1269,105.8193669979138,5.364481896600014,7.191859245300293
1270,105.79044517545451,8.680090168993267,7.197430610656738
1271,105.76145108148435,5.375244723403143,7.203712463378906
1272,105.73242126248137,8.691374838150848,7.208360195159912
1273,105.70336086098372,5.37809190766294,7.213754415512085
1274,105.67430892002513,8.689459747797892,7.219119548797607
1275,105.6452708838883,5.372567286805772,7.223914384841919
1276,105.6162874490697,8.673764122651889,7.229259014129639
1277,105.58736403357905,5.358402317823598,7.234042644500732
1278,105.55854199791533,8.644035726133556,7.238962650299072
1279,105.529826373362,5.335543650148521,7.244201898574829
1280,105.50125809484923,8.60038834737934,7.251154661178589
1281,105.47284143894095,5.304171936585514,7.255980014801025
1282,105.44461578490927,8.543322935690936,7.2612526416778564
1283,105.41658430744197,5.2647094963407275,7.26606822013855
1284,105.38878372771,8.473729040489165,7.270695447921753
1285,105.36121582092488,5.217815123047877,7.275315046310425
1286,105.33391364568061,8.39286456604087,7.28285551071167
1287,105.306877355191,5.164365286676698,7.28767991065979
1288,105.28013550418154,8.302313590853533,7.29240345954895
1289,105.25368649540404,5.105422128624917,7.297825574874878
1290,105.22755375470209,8.203923961826655,7.303925275802612
1291,105.2017339098415,5.042189872262547,7.308635234832764
1292,105.17624488432115,8.099728329834218,7.315400123596191
1293,105.15108160988372,4.9759624204224835,7.320168972015381
1294,105.12625639974415,7.991853999651261,7.324800968170166
1295,105.10176266156783,4.9080658366768075,7.330017805099487
1296,105.0776072477927,7.882428188195988,7.3346266746521
1297,105.05378228813771,4.839799977184878,7.339215993881226
1298,105.03028955306713,7.773485835207041,7.34501576423645
1299,105.00712019042922,4.77238366282399,7.35078763961792
1300,104.98427145286244,7.666886885104877,7.355782747268677
1301,104.96173382605477,4.706907422425987,7.363735198974609
1302,104.93950074031004,7.564248957772503,7.368510484695435
1303,104.91756233739308,4.64429702933731,7.373104095458984
1304,104.8959089943632,7.466899663053498,7.378372669219971
1305,104.8745308045563,4.585289894895203,7.3834052085876465
1306,104.85341587891644,7.375850708117082,7.388228893280029
1307,104.83255451934305,4.530425030141674,7.393425703048706
1308,104.81193332729747,7.2917936930498115,7.39832067489624
1309,104.7915430221059,4.480045930682807,7.404357671737671
1310,104.77136938365999,7.215115408364992,7.40987229347229
1311,104.7514037056488,4.434314568066709,7.415170192718506
1312,104.73163153928556,7.145928822873787,7.4200520515441895
1313,104.71204485870204,4.393233836047433,7.424806118011475
1314,104.69262946994161,7.084114972803421,7.430083274841309
1315,104.67337808744739,4.356675385994184,7.437201023101807
1316,104.65427714257443,7.0293706955889075,7.442343711853027
1317,104.63532011059361,4.324409796073087,7.447746753692627
1318,104.6164943106253,6.981257525785732,7.4529547691345215
1319,104.59779396780127,4.2961363836697215,7.457754373550415
1320,104.57920745461489,6.939247917245544,7.462977886199951
1321,104.56072971153704,4.271510571049376,7.47015643119812
1322,104.54235024809277,6.9027660575167555,7.475182771682739
1323,104.52406466934467,4.250167415863824,7.4806013107299805
1324,104.50586363998873,6.871221685532864,7.485580682754517
1325,104.48774336905001,4.231740600783626,7.49031400680542
1326,104.46969564524976,6.84403634632678,7.495571613311768
1327,104.45171721624821,4.215876754581489,7.502930402755737
1328,104.43380092919585,6.82066231679894,7.5099592208862305
1329,104.41594400436854,4.202245405639793,7.515124797821045
1330,104.39814026001774,6.800594978978871,7.519981622695923
1331,104.38038732524102,4.190545139838511,7.524665594100952
1332,104.36267989062573,6.783379716215845,7.532461404800415
1333,104.34501593449265,4.180506665644677,7.53790807723999
1334,104.32739091744642,6.768614507939424,7.543071985244751
1335,104.30980311281797,4.171893511314979,7.548068523406982
1336,104.29224865103158,6.7559493562485695,7.552865743637085
1337,104.27472605217847,4.164501027315823,7.557888746261597
1338,104.25723202221799,6.745083547329849,7.564833879470825
1339,104.23976528583485,4.158154273031041,7.570115089416504
1340,104.22232303842111,6.735761577757139,7.5747926235198975
1341,104.20490417297337,4.15270525552785,7.580127716064453
1342,104.18750629749769,6.727768393237065,7.584883451461792
1343,104.17012844249521,4.148029877001922,7.5896077156066895
1344,104.15276856131298,6.720924416646753,7.59655237197876
1345,104.13542579609174,4.144024847129361,7.60194730758667
1346,104.1180983874732,6.715080694834343,7.608119249343872
1347,104.10078556773153,4.140604732132704,7.613358736038208
1348,104.08348581530684,6.710114374159571,7.618011951446533
1349,104.06619843486578,4.137699245408251,7.622544050216675
1350,104.04892210082592,6.705924622916761,7.627452373504639
1351,104.0316561757047,4.135250834169939,7.632866144180298
1352,104.0143994947987,6.702429051828349,7.637608528137207
1353,103.99715146661012,4.133212580611046,7.642188310623169
1354,103.97991105798653,6.699560637653781,7.647493362426758
1355,103.96267771376048,4.131546411949188,7.652237415313721
1356,103.94545050787231,6.697265125296201,7.660296678543091
1357,103.9282289136348,4.130221598754355,7.665767431259155
1358,103.91101209167546,6.695498866589055,7.670637607574463
1359,103.89379953739427,4.129213512801188,7.675400018692017
1360,103.87659048103087,6.694227045707949,7.680672645568848
1361,103.85938443484226,4.128502612326794,7.685318231582642
1362,103.84218068431105,6.693422239051638,7.6918535232543945
1363,103.82497875424242,4.128073622431268,7.697479248046875
1364,103.80777797316796,6.6930632592785,7.702317237854004
1365,103.79057787485165,4.127914880204134,7.706990003585815
1366,103.77337782041059,6.693134237363076,7.713824033737183
1367,103.75617734953627,4.128017817130153,7.718462705612183
1368,103.7389758468285,6.693623901847727,7.723093271255493
1369,103.72177285530006,4.128376554789514,7.728583335876465
1370,103.70456777498771,6.69452502015906,7.7335779666900635
1371,103.68736014993745,4.128987593410815,7.738192081451416
1372,103.67014938838489,6.695833972450368,7.743117809295654
1373,103.65293503335361,4.129849576220614,7.747941970825195
1374,103.63571649464214,6.697550433552915,7.752538681030273
1375,103.61849331235952,4.130963115594235,7.75957727432251
1376,103.60126489166537,6.699677143211509,7.764807224273682
1377,103.58403076796854,4.1323306697089475,7.769804239273071
1378,103.56679033588397,6.702219748710936,7.7746312618255615
1379,103.54954312439415,4.133956460691842,7.780032396316528
1380,103.53228851184326,6.705186707337826,7.786679029464722
1381,103.51502601908273,4.135846427179642,7.791831731796265
1382,103.49775500254258,6.708589238857514,7.797323226928711
1383,103.4804749732251,4.138008205780812,7.802271842956543
1384,103.46318526000145,6.712441320437952,7.80706262588501
1385,103.4458853622658,4.140451137205523,7.813597917556763
1386,103.42857457560986,6.716759718223196,7.819663047790527
1387,103.4112523859931,4.143186293839066,7.824621200561523
1388,103.3939180498669,6.721564051180401,7.829869747161865
1389,103.37657103783637,4.146226526323004,7.834683895111084
1390,103.35921056115174,6.726876883921227,7.839296817779541
1391,103.34183607302765,4.1495865273119295,7.844409704208374
1392,103.32444673319614,6.732723846014954,7.851855516433716
1393,103.30704197530626,4.153282911015257,7.856990098953247
1394,103.28962090094579,6.739133775881695,7.8625617027282715
1395,103.27218292186002,4.157334307440932,7.8676300048828125
1396,103.25472707450787,6.746138887746019,7.872419118881226
1397,103.23725274620573,4.161761470445966,7.877472877502441
1398,103.2197589008907,6.753774960317527,7.88600754737854
1399,103.20224489871374,4.166587398776019,7.890933036804199
1400,103.18470962324243,6.762081545898814,7.896249532699585
1401,103.16715240448819,4.171837469252836,7.9011311531066895
1402,103.14957203730063,6.771102198478863,7.905985593795776
1403,103.13196781831344,4.177539581135355,7.915352821350098
1404,103.11433844476639,6.7808847190603645,7.920358419418335
1405,103.09668317638355,4.183724310442206,7.925042629241943
1406,103.07900060331981,6.791481415967063,7.9303319454193115
1407,103.06128994453523,4.190425072660956,7.935024738311768
1408,103.04354967300529,6.80294937717697,7.939681768417358
1409,103.02577896271818,4.197678291771941,7.947255849838257
1410,103.00797615872708,6.815350750772743,7.952412366867065
1411,102.99014038545447,4.205523572862109,7.95714545249939
1412,102.9722698486188,6.828753028383645,7.962355375289917
1413,102.95436361806568,4.2140038747673705,7.96782660484314
1414,102.9364197480873,6.843229324959347,7.972451210021973
1415,102.91843724849072,4.22316567813837,7.977398633956909
1416,102.90041400937828,6.858858646289803,7.982624769210815
1417,102.88234897457522,4.233059143032418,7.98753809928894
1418,102.86423985658388,6.875726133351118,7.9920830726623535
1419,102.84608552679438,4.243738248563535,7.997290849685669
1420,102.827883506105,6.893923269716669,8.001899719238281
1421,102.80963258648251,4.255260905246287,8.006449460983276
1422,102.79133008271054,6.913548034873157,8.013075828552246
1423,102.77297469978961,4.267689028412531,8.019380331039429
1424,102.7545635315008,6.9347049822540425,8.024059295654297
1425,102.736095187771,4.281088558418134,8.02916145324707
1426,102.71756652629794,6.957505216093356,8.033859014511108
1427,102.69897605326565,4.295529410259663,8.038459062576294
1428,102.68032037526547,6.982066235752867,8.045174837112427
1429,102.6615978855262,4.3110853316623485,8.050264596939087
1430,102.64280492490222,7.008511609975411,8.054904460906982
1431,102.62393976395478,4.327833644678347,8.05982232093811
1432,102.60499846399738,7.036970436563781,8.0646390914917
1433,102.58597916278292,4.345854841366812,8.069485664367676
1434,102.56687762966666,7.06757653538061,8.074557781219482
1435,102.5476918591334,4.36523199928421,8.08012580871582
1436,102.52841731825367,7.100467314416212,8.084962129592896
1437,102.5090518476246,4.386049977405585,8.089662313461304
1438,102.48959060467482,7.135782240282324,8.094714879989624
1439,102.47003126555337,4.408394347935144,8.099608659744263
1440,102.45036867474114,7.17366083622144,8.104199171066284
1441,102.43060033373122,4.432350014519169,8.109507322311401
1442,102.41072077611723,7.2142401231986195,8.115155220031738
1443,102.39072731926406,4.457999463091374,8.121370315551758
1444,102.3706141948835,7.257651413627369,8.12642765045166
1445,102.35037852796735,4.485420588502631,8.131309509277344
1446,102.33001426616786,7.30401636390033,8.135934829711914
1447,102.3095183356995,4.514684038979638,8.140957832336426
1448,102.28888442898149,7.353442192481419,8.14640498161316
1449,102.26810926964362,4.545850022253695,8.15126371383667
1450,102.24718633721729,7.406015976631589,8.155884981155396
1451,102.2261121524507,4.578964523061111,8.161155223846436
1452,102.20488004069,7.4617979549236875,8.165939807891846
1453,102.18348632408994,4.614054893007057,8.172329425811768
1454,102.1619242520074,7.520813786923115,8.177729845046997
1455,102.14018995812121,4.651124792043068,8.182740449905396
1456,102.11827671685712,7.583045758390628,8.187506914138794
1457,102.09618049075523,4.690148487680365,8.192936658859253
1458,102.07389470672867,7.648422972781024,8.198284387588501
1459,102.05141518224612,4.7310645551980075,8.204362630844116
1460,102.02873565394003,7.7168106401825725,8.209835529327393
1461,102.0058518305694,4.773769070945985,8.215228796005249
1462,101.98275794870884,7.78799866516713,8.2216317653656
1463,101.95944965658279,4.818108452391262,8.227070331573486
1464,101.9359219164904,7.861689846299341,8.236343145370483
1465,101.91217037744887,4.863872173015495,8.241337299346924
1466,101.88819099036606,7.937488131595492,8.246947288513184
1467,101.8639794804948,4.910785666528645,8.251734733581543
1468,101.83953308733447,8.014887522967753,8.25649094581604
1469,101.81484770228278,4.958503830362658,8.264843225479126
1470,101.78992218835717,8.09326238235332,8.270144939422607
1471,101.76475270692522,5.0066056380607575,8.275869369506836
1472,101.73934010941899,8.171860052351375,8.280867099761963
1473,101.71368094314703,5.054590466215849,8.285674095153809
1474,101.68777843435,8.249796849598066,8.290445804595947
1475,101.66162964108578,5.101876823156276,8.299782276153564
1476,101.6352405597152,8.326058599398026,8.30471420288086
1477,101.608608887562,5.147804219578741,8.310104370117188
1478,101.58174377821298,8.399506930009494,8.315069675445557
1479,101.55464369335861,5.19163892894777,8.319806814193726
1480,101.52732130093109,8.468892505513868,8.329530000686646
1481,101.49977593955784,5.232584329260642,8.334733009338379
1482,101.47202409255915,8.532876217213035,8.339555263519287
1483,101.44406606469889,5.269796379568968,8.345064640045166
1484,101.4159223702338,8.590059047795286,8.3499755859375
1485,101.3875943339215,5.302404549647121,8.354743957519531
1486,101.35910659998262,8.639020851322535,8.363036632537842
1487,101.3304615195618,5.329538181758534,8.368054151535034
1488,101.30168781921442,8.678367651930204,8.37288498878479
1489,101.27278882446716,5.350357823498666,8.378810405731201
1490,101.24379712389154,8.706786274044989,8.383669376373291
1491,101.21471689886829,5.364090549837365,8.390246391296387
1492,101.18558418871457,8.723104224115955,8.396654605865479
1493,101.15640384201781,5.370067728993785,8.401703357696533
1494,101.12721473985549,8.726351827034541,8.406505823135376
1495,101.09802214173669,5.3677631379373345,8.412672758102417
1496,101.06886697175062,8.715822787014476,8.417567253112793
1497,101.0397545860214,5.356828872029432,8.427192449569702
1498,101.01072698786707,8.691128720190546,8.432524681091309
1499,100.98178927468706,5.337126200397248,8.437342643737793
1500,100.95298344201842,8.652242925513102,8.44276762008667
1501,100.92431395569805,5.308748470806619,8.447773933410645
1502,100.89582165024585,8.599528834203145,8.455065965652466
1503,100.86750999770989,5.272033423134789,8.460851430892944
1504,100.83941752015274,8.533749275484876,8.466177940368652
1505,100.81154637393678,5.227562853822429,8.470990180969238
1506,100.78393169191943,8.456053922279212,8.476637601852417
1507,100.75657406095236,5.1761484651745615,8.481671810150146
1508,100.72950429302229,8.367943961471084,8.489147901535034
1509,100.70272124186906,5.118803864285733,8.49475646018982
1510,100.67625067234313,8.271215016831277,8.499966621398926
1511,100.65008964525309,5.0567039328445675,8.504748344421387
1512,100.62425840111428,8.167881421536682,8.510189771652222
1513,100.5987522549277,4.991134025221329,8.516911268234253
1514,100.5735857172124,8.060086836751921,8.522290229797363
1515,100.54875250373826,4.923432509820449,8.529314756393433
1516,100.52426146036342,7.95000768707471,8.534277200698853
1517,100.50010493285342,4.8549309006052965,8.53902006149292
1518,100.47628641629156,7.839756715175282,8.544384956359863
1519,100.45279717484276,4.786896119315177,8.55245304107666
1520,100.42963587462275,7.731294003744907,8.55739951133728
1521,100.40679301902837,4.7204792257591555,8.562925100326538
1522,100.38426312172159,7.626352033364093,8.56765604019165
1523,100.36203625207104,4.656674262883409,8.57238245010376
1524,100.34010354321487,7.5263798194264515,8.579837083816528
1525,100.31845493984206,4.596289766361491,8.585041761398315
1526,100.29707900297265,7.432509095987302,8.589798927307129
1527,100.27596582656535,4.539934131349937,8.595211267471313
1528,100.25510219131105,7.345543178297951,8.600109100341797
1529,100.23447856724458,4.488014602262012,8.604771614074707
1530,100.21408068664665,7.265966873855605,8.612736225128174
1531,100.19389956975537,4.440748357077836,8.617909669876099
1532,100.17392054131416,7.193973942361895,8.62257170677185
1533,100.15413529305178,4.398183170804303,8.629364490509033
1534,100.13452927341203,7.129507365265932,8.6341712474823
1535,100.1150949179911,4.360224575836754,8.638725280761719
1536,100.09581821361098,7.072307184960653,8.644130945205688
1537,100.07669236980021,4.326666319983204,8.649433612823486
1538,100.05770421266223,7.021960879655037,8.654109239578247
1539,100.0388477213622,4.297221203688256,8.658820390701294
1540,100.02011075841405,6.9779520012051695,8.663689851760864
1541,100.00148804219866,4.271549943944321,8.668256521224976
1542,99.98296857958731,6.939703899547635,8.672844886779785
1543,99.96454777939113,4.249286423831515,8.678226470947266
1544,99.94621582839655,6.906616558981708,8.683329820632935
1545,99.9279687655055,4.230058410896644,8.68798565864563
1546,99.9097979376275,6.87809568699808,8.692782640457153
1547,99.89169994749581,4.213503463538935,8.697649002075195
1548,99.87366724287298,6.853574100535175,8.702383756637573
1549,99.85569692254938,4.199280233511664,8.707535743713379
1550,99.83778245021313,6.832526092597707,8.712982892990112
1551,99.81992135467206,4.187075696443174,8.717822313308716
1552,99.802108016298,6.81447583714834,8.722455978393555
1553,99.78434033184311,4.176609013309418,8.727355480194092
1554,99.76661349361221,6.7990010427513585,8.733707904815674
1555,99.74892570957594,4.167632774228645,8.73907995223999
1556,99.73127288014565,6.7857330532163385,8.744670152664185
1557,99.71365347384733,4.159932338201478,8.74983835220337
1558,99.69606400067588,6.774354475469003,8.754530429840088
1559,99.67850314531847,4.1533238929669105,8.759331941604614
1560,99.66096793683596,6.764595241598925,8.764294147491455
1561,99.64345723779994,4.14765174604726,8.771738767623901
1562,99.62596851522422,6.756227821565125,8.776934385299683
1563,99.60850077701517,4.142785241449726,8.7822425365448
1564,99.5910518568761,6.749062120652022,8.787379503250122
1565,99.57362088069523,4.138615589066454,8.792357921600342
1566,99.55620598723799,6.742940435815271,8.797377109527588
1567,99.53880639761763,4.13505280219884,8.805107593536377
1568,99.52142050303468,6.737732713761941,8.810336828231812
1569,99.50404760105377,4.132022865130767,8.815604448318481
1570,99.48668629081118,6.73333225167845,8.820443391799927
1571,99.46933593093785,4.12946519680587,8.825426578521729
1572,99.45199529115447,6.729651906451975,8.83275842666626
1573,99.43466377861488,4.127330436390906,8.839698314666748
1574,99.41734030242847,6.726620825929528,8.845605611801147
1575,99.4000243080775,4.1255785491451435,8.850474834442139
1576,99.38271481807304,6.724181681675434,8.855224847793579
1577,99.36541130794971,4.124177233773455,8.860558271408081
1578,99.34811289197637,6.722288362464221,8.86852741241455
1579,99.33081906901359,4.1231006027532295,8.873370170593262
1580,99.31352902701774,6.720904077601594,8.878897190093994
1581,99.2962422826879,4.122328102824892,8.883642673492432
1582,99.27895808250557,6.719999815954581,8.888643741607666
1583,99.26167595649953,4.121843642165625,8.896725416183472
1584,99.24439519685392,6.719553107889308,8.902006149291992
1585,99.22711534318609,4.121634892385328,8.906761169433594
1586,99.2098357224229,6.719547041336844,8.911802053451538
1587,99.1925558806217,4.121692736412136,8.916517734527588
1588,99.1752751699601,6.719969488605006,8.921168565750122
1589,99.15799314023974,4.122010836872284,8.925917863845825
1590,99.14070916053687,6.72081250649556,8.93182635307312
1591,99.12342278204106,4.122585303259997,8.936655044555664
1592,99.1061333832478,6.7220718781246385,8.943300247192383
1593,99.08884051462647,4.123414439737909,8.948155641555786
1594,99.07154355726514,6.723746770316202,8.952824831008911
1595,99.05424205897945,4.124498558650223,8.957425832748413
1596,99.03693539709613,6.725839485293572,8.963581562042236
1597,99.0196231149585,4.12583984768194,8.96843433380127
1598,99.00230458010131,6.728355289610426,8.973161220550537
1599,98.98497932964331,4.127442281040389,8.978258609771729
1600,98.9676467154973,6.731302306822488,8.982985019683838
1601,98.95030626682974,4.129311567082027,8.987602472305298
1602,98.93295731419698,6.734691463338093,8.994301557540894
1603,98.9155993770762,4.131455126485737,8.999711990356445
1604,98.89823175893943,6.738536479300109,9.00460958480835
1605,98.8808539677976,4.133882096435324,9.009690046310425
1606,98.8634652742386,6.742853898256513,9.014641523361206
1607,98.84606517296297,4.136603357352981,9.019536018371582
1608,98.82865289573368,6.747663150893646,9.027261972427368
1609,98.81122792200406,4.139631579570102,9.032375812530518
1610,98.79378943856715,6.752986649271556,9.037048101425171
1611,98.77633690757543,4.142981287964182,9.043831825256348
1612,98.75886946444345,6.758849908881309,9.048833131790161
1613,98.7413865518293,4.146668943069785,9.056073665618896
1614,98.72388724704201,6.765281696461776,9.061697006225586
1615,98.70637097088672,4.150713037499932,9.066612482070923
1616,98.68883673546841,6.772314201936087,9.071273565292358
1617,98.67128393719254,4.155134206723192,9.076252222061157
1618,98.65371151543883,6.779983233050071,9.0811128616333
1619,98.6361188394515,4.159955353331246,9.088204145431519
1620,98.61850476789242,6.7883284313305685,9.093720197677612
1621,98.60086863984331,4.165201783916883,9.098889827728271
1622,98.58320922473506,6.797393507868833,9.103721141815186
1623,98.56552582821736,4.170901357554832,9.108643531799316
1624,98.54781712141371,6.807226497108398,9.113537549972534
1625,98.53008237297446,4.177084644641586,9.12065076828003
1626,98.51232014603293,6.817880026321905,9.12593674659729
1627,98.49452966834538,4.183785094484185,9.133214950561523
1628,98.47670938472828,6.829411597741991,9.138359546661377
1629,98.45885847779013,4.191039209525303,9.143535614013672
1630,98.44097526303001,6.8418838793492425,9.14994192123413
1631,98.42305887326152,4.198886723429612,9.155150175094604
1632,98.4051074829697,6.855364999060254,9.160184621810913
1633,98.3871201701014,4.20737077940207,9.165327072143555
1634,98.36909495572371,6.869928835490728,9.170069456100464
1635,98.35103085738567,4.2165381040438445,9.174854040145874
1636,98.33292572963234,6.885655296493211,9.179736375808716
1637,98.31477852359174,4.226439170730359,9.184884786605835
1638,98.29658691350892,6.902630574259595,9.189924955368042
1639,98.27834977754586,4.237128344885053,9.195230960845947
1640,98.26006459524933,6.920947362850674,9.200051307678223
1641,98.2417301647219,4.24866400157847,9.204829931259155
1642,98.22334375588272,6.940705020502851,9.209824562072754
1643,98.20490407911213,4.2611086035619845,9.214653968811035
1644,98.186408179375,6.962009654902582,9.219768285751343
1645,98.16785467108578,4.274528725106573,9.224645614624023
1646,98.14924035872005,6.984974104742015,9.229713678359985
1647,98.13056375190236,4.288995003828716,9.234561920166016
1648,98.11182139913565,7.009717785207189,9.239206790924072
1649,98.09301169586833,4.304581999012789,9.244229316711426
1650,98.07413091954346,7.0363663586362355,9.252029657363892
1651,98.05517734152536,4.3213679307853194,9.256989479064941
1652,98.03614695395765,7.065051184350698,9.262247085571289
1653,98.0170378937626,4.339434269882739,9.26706862449646
1654,97.99784585496911,7.095908493749917,9.271843433380127
1655,97.97856882935942,4.3588651427403144,9.278687953948975
1656,97.95920220218828,7.129078228290035,9.283960819244385
1657,97.93974380921921,4.379746511343353,9.288804292678833
1658,97.92018871934019,7.164702469223909,9.294238090515137
1659,97.90053460145815,4.402165081931458,9.299183130264282
1660,97.88077620469082,7.202923379369751,9.303970575332642
1661,97.86091102058963,4.426206891525971,9.311498641967773
1662,97.84093348065339,7.243880569332173,9.316749811172485
1663,97.82084088930831,4.451955516809228,9.321538925170898
1664,97.8006273697814,7.287707794353175,9.326586961746216
1665,97.7802900308331,4.4794898467081525,9.331474542617798
1666,97.75982270590721,7.3345288844615215,9.336259841918945
1667,97.73922230141638,4.508881358910252,9.343800783157349
1668,97.7184823909252,7.384452811279313,9.349080562591553
1669,97.6975996744493,4.540190842450627,9.355479955673218
1670,97.67656750960927,7.437567801543877,9.360966682434082
1671,97.65538238954328,4.573464514679157,9.365925788879395
1672,97.634037516847,7.493934422261519,9.373161554336548
1673,97.61252918197496,4.608729492759899,9.378826379776001
1674,97.59085051366083,7.553577587987683,9.383868217468262
1675,97.56899760982013,4.645988599000364,9.388677597045898
1676,97.5469636302317,7.6164774796991646,9.394257068634033
1677,97.5247444978005,4.685214507476911,9.399080276489258
1678,97.50233353562768,7.682559419949707,9.406423091888428
1679,97.47972651807021,4.726343278323034,9.411924839019775
1680,97.45691709477477,7.751682823128967,9.416848182678223
1681,97.43390092855341,4.769267377190591,9.421599388122559
1682,97.4106721930357,7.823629434719323,9.426646709442139
1683,97.3872264885884,4.813828341796121,9.431506633758545
1684,97.36355874709339,7.8980911904382864,9.442585706710815
1685,97.33966456903126,4.859809335285312,9.447785377502441
1686,97.31553991715468,7.974658164298682,9.452563762664795
1687,97.29118046904325,4.9069279162560635,9.459042310714722
1688,97.26658352916326,8.052807230480092,9.46384859085083
1689,97.24174494392291,4.954829454677559,9.468549013137817
1690,97.21666370615675,8.131892230653271,9.473606586456299
1691,97.19133593695021,5.003081726249717,9.4788498878479
1692,97.16576269457445,8.211136604793984,9.483648300170898
1693,97.13994049285195,5.051171316644758,9.48824954032898
1694,97.11387285388304,8.289629593165483,9.493158102035522
1695,97.08755681098539,5.098502549951422,9.497963428497314
1696,97.06099875638822,8.366327228278355,9.504541873931885
1697,97.03419637295222,5.144399707569257,9.513339281082153
1698,97.00715931907594,8.440059381256107,9.518239736557007
1699,96.97988605302837,5.1881133069888365,9.522859573364258
1700,96.95238986214608,8.509544076497079,9.527884006500244
1701,96.92467009227911,5.228831144958624,9.532667875289917
1702,96.89674396176666,8.573410110203028,9.537701845169067
1703,96.86861179127149,5.265694657675241,9.542649030685425
1704,96.84029494073691,8.630228674150116,9.547645092010498
1705,96.81179475559895,5.297820896858111,9.552359819412231
1706,96.78313682433335,8.678554177434636,9.561020374298096
1707,96.75432351748096,5.324330057833813,9.568820714950562
1708,96.72538458434657,8.71697377425511,9.573630094528198
1709,96.69632336031626,5.3443780296226215,9.57958984375
1710,96.66717350690658,8.744164267824035,9.584414005279541
1711,96.63793919563234,5.357192889969031,9.58906602859497
1712,96.60865755295497,8.758954122471675,9.59596848487854
1713,96.57933338635574,5.3621136825321285,9.601384162902832
1714,96.55000663600336,8.760387364267931,9.606301069259644
1715,96.52068247718262,5.358629251087884,9.612765789031982
1716,96.49140281891181,8.7477853011903,9.617645025253296
1717,96.46217287900203,5.346414444377692,9.622281074523926
1718,96.43303552482145,8.72080138254213,9.63318681716919
1719,96.40399565275186,5.325360729903172,9.638027429580688
1720,96.37509595801394,8.679464280739827,9.643433570861816
1721,96.34634063789298,5.295598244210953,9.648338079452515
1722,96.3177710259785,8.624204530587757,9.653173685073853
1723,96.28939025837026,5.257506618000351,9.660952091217041
1724,96.26123713025326,8.555860866874255,9.667863607406616
1725,96.23331340044052,5.211712566868689,9.672675609588623
1726,96.20565423735869,8.475663754617072,9.679546117782593
1727,96.1782597801868,5.1590732048772034,9.684468507766724
1728,96.15116064255314,8.385195417925988,9.689274311065674
1729,96.1243551968382,5.100645239019045,9.698125839233398
1730,96.09786879438963,8.28632777147588,9.702980279922485
1731,96.07169800094937,5.037641512865397,9.708419561386108
1732,96.0458624606389,8.181141806190782,9.714019775390625
1733,96.02035700128855,4.971377630938652,9.71883749961853
1734,95.99519539676741,8.071833907002349,9.727341175079346
1735,95.97037090466172,4.903212446283101,9.732638120651245
1736,95.94589154287453,7.9606160198225835,9.7373788356781
1737,95.92174924652991,4.834486882589676,9.742929697036743
1738,95.89794664223199,7.849617318605711,9.748071670532227
1739,95.87447464545144,4.766465779414615,9.752910137176514
1740,95.8513310615818,7.740794917958394,9.763654947280884
1741,95.82850611653346,4.700287144815258,9.768515348434448
1742,95.80599351312277,7.635860211793707,9.775471448898315
1743,95.78378311826066,4.6369223971805225,9.780900955200195
1744,95.76186533744088,7.536225700705699,9.788162469863892
1745,95.74022998666003,4.577149975660111,9.796042919158936
1746,95.71886500559958,7.442974927525726,9.800947427749634
1747,95.69776042779957,4.521543260232761,9.805713415145874
1748,95.67690253157183,7.3568556900900255,9.812938928604126
1749,95.65628178623977,4.470472272928119,9.820308208465576
1750,95.63588354366827,7.278294397654427,9.826257467269897
1751,95.61569887268953,4.424117340442375,9.831478834152222
1752,95.59571283450855,7.207427605963419,9.837904691696167
1753,95.57591720766527,4.382491958044698,9.845152854919434
1754,95.55629728277123,7.144145631067298,9.8546302318573
1755,95.53684560962398,4.345471606341237,9.862118005752563
1756,95.5175481077957,7.0881427870717015,9.86699891090393
1757,95.49839811852674,4.312825248287878,9.871745586395264
1758,95.47938247418601,7.038969153617838,9.880260229110718
1759,95.46049529465584,4.2842466029565625,9.887969017028809
1760,95.44172450491585,6.99607967424601,9.892883539199829
1761,95.4230649661355,4.259382927438941,9.898017168045044
1762,95.40450578758022,6.958877577316582,9.902696132659912
1763,95.38604251757705,4.237859791315989,9.907513856887817
1764,95.36766547086275,6.926750360003598,9.914969682693481
1765,95.34937081872296,4.219301066148458,9.920223236083984
1766,95.33115004956461,6.899097696186975,9.925078868865967
1767,95.31299988881453,4.203343979508242,9.930146932601929
1768,95.29491292977097,6.875351507188968,9.934929609298706
1769,95.27688638275481,4.189649548544008,9.939600229263306
1770,95.258913853915,6.854989029049182,9.946988344192505
1771,95.2409929718151,4.177909001984202,9.952338457107544
1772,95.22311825124224,6.837540036842692,9.95720100402832
1773,95.20528767696311,4.1678469408045755,9.962181806564331
1774,95.18749656448311,6.82258949460403,9.966976404190063
1775,95.16974319854172,4.159222010840619,9.971793174743652
1776,95.15202358980503,6.8097768513949095,9.9791100025177
1777,95.13433627311736,4.1518258037379905,9.986125946044922
1778,95.11667785514176,6.7987930603288484,9.990866422653198
1779,95.09904707740255,4.145480600463524,9.995675086975098
1780,95.08144105217923,6.7893762080654865,10.000340461730957
1781,95.06385869044422,4.140036451367323,10.004992723464966
1782,95.04629752963483,6.781306443593569,10.009859561920166
1783,95.02875661867138,4.135367967339652,10.015653133392334
1784,95.01123384984996,6.7744007102604185,10.02053713798523
1785,94.99372838368905,4.131371089282395,10.02529525756836
1786,94.97623840683228,6.768507626339066,10.030094861984253
1787,94.95876316956645,4.127960013380498,10.034737348556519
1788,94.94130110140948,6.763502731532283,10.039401531219482
1789,94.92385152447588,4.125064378929081,10.04685664176941
1790,94.90641306777266,6.759284219221003,10.05169939994812
1791,94.88898511058883,4.122626772624275,10.056388139724731
1792,94.87156644509645,6.755769203683407,10.061187505722046
1793,94.8541564958462,4.120600565850535,10.06589126586914
1794,94.83675418789184,6.752890523344786,10.070778369903564
1795,94.81935898138698,4.118948076677646,10.07597041130066
1796,94.80196990906755,6.750594050607957,10.081284046173096
1797,94.78458645886153,4.117639033154685,10.087529182434082
1798,94.7672077502057,6.748836461477421,10.092343091964722
1799,94.7498332924454,4.11664930646032,10.097100496292114
1800,94.73246227419207,6.747583410327975,10.102267503738403
1801,94.71509422102164,4.1159598794340875,10.107715129852295
1802,94.6977283759938,6.746808053614346,10.113041162490845
1803,94.68036427664907,4.1155560162429055,10.11796498298645
1804,94.66300120801282,6.746489868867557,10.122641801834106
1805,94.64563871604079,4.115426601189639,10.127434015274048
1806,94.6282761170221,6.746613720119429,10.132142543792725
1807,94.61091296232851,4.115563617994171,10.136865139007568
1808,94.59354859020699,6.747169126853646,10.142094373703003
1809,94.57618255486375,4.115961744658842,10.147225379943848
1810,94.55881420827706,6.748149699780177,10.151955127716064
1811,94.54144310521542,4.116618042835109,10.1566743850708
1812,94.52406860398358,6.7495527127439985,10.161455154418945
1813,94.50669025786267,4.1175317241976135,10.166200876235962
1814,94.48930742468835,6.751378785556477,10.171568870544434
1815,94.47191965435769,4.118703979551608,10.176698684692383
1816,94.454526297876,6.753631657384973,10.181750297546387
1817,94.43712689995651,4.12013785921139,10.18795919418335
1818,94.41972079870406,6.756318034460696,10.193017959594727
1819,94.40230753189677,4.121838195562073,10.197773218154907
1820,94.3848864188386,6.759447499351725,10.203166007995605
1821,94.36745698863277,4.123811560694817,10.208263635635376
1822,94.35001853595017,6.763032471877312,10.213589668273926
1823,94.33257057945369,4.1260662536174495,10.21848177909851
1824,94.3151123833302,6.767088214046634,10.223256349563599
1825,94.29764345398435,4.128612312831916,10.227997541427612
1826,94.28016301916801,6.7716328732345366,10.232673406600952
1827,94.26267057113003,4.131461551090674,10.237875938415527
1828,94.24516529506943,6.776687559226334,10.242629766464233
1829,94.22764666707451,4.134627609932661,10.247671604156494
1830,94.2101138234416,6.7822764518481495,10.252378463745117
1831,94.19256622196421,4.138126032189649,10.257051944732666
1832,94.17500294339337,6.788426936711492,10.261847257614136
1833,94.15742342493829,4.141974351085909,10.267265319824219
1834,94.13982668481327,6.7951697671427125,10.27225661277771
1835,94.12221213717382,4.146192194839247,10.277145385742188
1836,94.10457873030201,6.802539250723816,10.282054424285889
1837,94.08692585262587,4.150801405832924,10.286726951599121
1838,94.06925237464195,6.810573459014422,10.293197393417358
1839,94.05155765614528,4.1558261734737405,10.30180811882019
1840,94.03384048148583,6.819314458997163,10.30679702758789
1841,94.01610017866082,4.161293179784912,10.3119215965271
1842,93.9983354369556,6.828808564564577,10.316914796829224
1843,93.9805455491164,4.16723175660041,10.321871995925903
1844,93.96272909984172,6.8391066059591745,10.329537630081177
1845,93.94488534285568,4.173674052923416,10.335063934326172
1846,93.92701274810221,6.850264214456299,10.340023279190063
1847,93.90911052616018,4.180655210570785,10.344824075698853
1848,93.89117702137008,6.862342118713438,10.3495352268219
1849,93.87321139665835,4.18821354563092,10.35426926612854
1850,93.85521185920108,6.875406448078187,10.37287187576294
1851,93.83717751934725,4.196390732488722,10.388779878616333
1852,93.81910643481883,6.889529036687505,10.402650594711304
1853,93.80099765800867,4.205231986188473,10.407562732696533
1854,93.78284908416114,6.904787720368711,10.412490844726562
1855,93.76465970184707,4.214786237684514,10.41720724105835
1856,93.74642723009221,6.921266616083847,10.421823263168335
1857,93.72815058725855,4.225106295019852,10.430221557617188
1858,93.70982730173347,6.939056370914423,10.435703039169312
1859,93.69145621473278,4.236248981651281,10.440634965896606
1860,93.6730346489794,6.958254364234354,10.445499658584595
1861,93.65456136102931,4.248275240937578,10.450284481048584
1862,93.63603345242163,6.9789648427605515,10.457588195800781
1863,93.61744958694541,4.261250193203478,10.463009595870972
1864,93.59880662910794,7.0012989634567,10.473032236099243
1865,93.58010314122212,4.275243128726022,10.492827653884888
1866,93.56133573481755,7.025374713812888,10.500516176223755
1867,93.5425028614282,4.290327416442049,10.5054612159729
1868,93.52360086387351,7.051316672716586,10.512617588043213
1869,93.50462807303904,4.306580304121594,10.517487525939941
1870,93.4855805479253,7.079255568014571,10.524810552597046
1871,93.46645648838829,4.324082581198191,10.532634496688843
1872,93.44725165565644,7.109327578958042,10.555582523345947
1873,93.427964107754,4.342918070441684,10.560824155807495
1874,93.40858929601559,7.141673323150517,10.56774115562439
1875,93.38912512554569,4.363172909298301,10.573691129684448
1876,93.36956672834826,7.176436458579814,10.57856297492981
1877,93.3499118454245,4.384934576165794,10.583534240722656
1878,93.33015528375073,7.213761822216751,10.588963270187378
1879,93.31029460921107,4.4082906114020926,10.599653720855713
1880,93.29032430309,7.253793017992472,10.605598449707031
1881,93.27024174565966,4.433326977846321,10.61055874824524
1882,93.25004109844616,7.296669359524011,10.618932008743286
1883,93.22971954658878,4.460126001627638,10.623718500137329
1884,93.20927094625509,7.34252206777565,10.629912614822388
1885,93.18869227948144,4.488763831745572,10.634793758392334
1886,93.16797712214392,7.391469622305365,10.639581680297852
1887,93.14712224747805,4.51930735727733,10.646803140640259
1888,93.12612098935368,7.443612168548158,10.664512157440186
1889,93.10496990965855,4.551810525251315,10.669411182403564
1890,93.083662154669,7.499024894891397,10.67420482635498
1891,93.06219407658081,4.586310011619402,10.681643009185791
1892,93.04055870786252,7.557750314541327,10.686636924743652
1893,93.01875219810728,4.622820213976152,10.691528558731079
1894,92.9967675626679,7.619789421179108,10.696386814117432
1895,92.97460076245673,4.661327559470098,10.701122045516968
1896,92.95224491903383,7.685091737121092,10.709951639175415
1897,92.92969582692963,4.701784156565588,10.715415000915527
1898,92.90694686762534,7.7535443410167195,10.720237255096436
1899,92.8839937015803,4.744100866629918,10.725158452987671
1900,92.86083015786798,7.824960051580154,10.730297565460205
1901,92.83745180683637,4.788139932082033,10.735069036483765
1902,92.81385314983254,7.8990650560204365,10.741620063781738
1903,92.7900297242112,4.83370737265837,10.746991872787476
1904,92.76597696740103,7.975486406800281,10.751865863800049
1905,92.7416904552378,4.880545449678783,10.756752729415894
1906,92.71716686482084,8.053739965797204,10.761707067489624
1907,92.69240189694376,4.928325597801665,10.766489505767822
1908,92.66739381030216,8.133219545315438,10.773065090179443
1909,92.64213853193348,4.976642330122139,10.779004573822021
1910,92.61663627813967,8.213188170879947,10.783935546875
1911,92.59088331692861,5.02500872821133,10.788793802261353
1912,92.56488222449224,8.292772556416091,10.793825626373291
1913,92.53862973508485,5.072854223114038,10.798657655715942
1914,92.51213120127574,8.37096201762841,10.807607173919678
1915,92.48538395465391,5.119525442149112,10.813251256942749
1916,92.45839653797427,8.446613127861156,10.81810998916626
1917,92.43116701024849,5.164290922063933,10.823001861572266
1918,92.40370749359568,8.518461411435622,10.827887058258057
1919,92.37601689458164,5.2063504518253705,10.835583925247192
1920,92.34811125243948,8.585141239052017,10.840860605239868
1921,92.31999042055821,5.244849687810982,10.846027135848999
1922,92.29167461080849,8.645214806615735,10.850894689559937
1923,92.26316468948423,5.278900462686565,10.855724334716797
1924,92.23448518124759,8.69721061855957,10.860739469528198
1925,92.20563798538409,5.307606875698433,10.867335319519043
1926,92.17665193114598,8.739671249959365,10.872506141662598
1927,92.14752991295298,5.330096806751552,10.877464056015015
1928,92.11830487859642,8.771209341951453,10.882464408874512
1929,92.08898061241523,5.3455579559511275,10.88727855682373
1930,92.05959379476212,8.790569835774882,10.892520189285278
1931,92.03014892229176,5.353276910695338,10.899171829223633
1932,92.00068581147356,8.79669545041455,10.904373168945312
1933,91.97120942237231,5.352679141607366,10.910780906677246
1934,91.94176190537715,8.788791469123792,10.915759801864624
1935,91.91234837224648,5.343367302925529,10.920447826385498
1936,91.88301232191758,8.766385158380043,10.925359725952148
1937,91.8537586596759,5.325154849973732,10.932775259017944
1938,91.82463110570299,8.729374745252535,10.938274621963501
1939,91.79563397778487,5.298091872414562,10.943186521530151
1940,91.76681000647405,8.678062957160364,10.948100090026855
1941,91.73816254709801,5.262480246571863,10.952839851379395
1942,91.70973211753852,8.613170770689344,10.957765817642212
1943,91.68152077301752,5.218875769011901,10.966925621032715
1944,91.65356566160447,8.535828244653155,10.971840858459473
1945,91.62586726785656,5.168075835389106,10.97683835029602
1946,91.598458355604,8.447541062499331,10.981647729873657
1947,91.5713376596409,5.111092407876838,10.986456155776978
1948,91.54453275506201,8.350133526699206,10.993679761886597
1949,91.5180405548549,5.049111354501014,10.999133110046387
1950,91.49188290095594,8.2456710026839,11.004035711288452
1951,91.4660549242203,4.983440588943696,11.009076356887817
1952,91.44057247676346,8.136366923954363,11.015527963638306
1953,91.41542905193442,4.915450616841122,11.020586729049683
1954,91.39063454590044,8.024481156741412,11.028159856796265
1955,91.36618104714883,4.84651193941269,11.033233642578125
1956,91.34207279895249,7.912217531735666,11.038394451141357
1957,91.31830078122452,4.777934147104597,11.043452978134155
1958,91.29486411485117,7.801628510069275,11.048241376876831
1959,91.27175300291279,4.710911381873434,11.053067684173584
1960,91.24896214570502,7.694534201280342,11.060734510421753
1961,91.22648130847809,4.64647815740082,11.065755605697632
1962,91.20430158050709,7.592461365048927,11.070568799972534
1963,91.18241261057105,4.5854783824678,11.07566499710083
1964,91.1608027305049,7.496605811080456,11.080525159835815
1965,91.13946175703077,4.52854898792438,11.087814331054688
1966,91.11837610426946,7.407819075738398,11.093225479125977
1967,91.0975359917633,4.476118018184034,11.09825611114502
1968,91.07692669436229,7.326617770371145,11.103068351745605
1969,91.05653901385617,4.428415636532553,11.107963562011719
1970,91.03635776858255,7.253211922494857,11.112884283065796
1971,91.01637446643161,4.385495405533461,11.122047901153564
1972,90.99657403560384,7.187547238495085,11.127395153045654
1973,90.9769487626331,4.347262568301322,11.133159399032593
1974,90.9574841276392,7.129355635508833,11.15590763092041
1975,90.93817322413835,4.313505911121696,11.161211013793945
1976,90.91900240462695,7.07820859126106,11.166200160980225
1977,90.89996556225323,4.283930079045715,11.17102336883545
1978,90.88105013139234,7.03356867941275,11.175937175750732
1979,90.86225077055902,4.258185821536751,11.183087587356567
1980,90.84355611024186,6.994835850761346,11.188276767730713
1981,90.82496152135846,4.235896411707899,11.193332195281982
1982,90.80645686757636,6.9613863313748805,11.198352575302124
1983,90.78803816771776,4.2166792639768,11.203184127807617
1984,90.76969649688345,6.932603224374071,11.208014249801636
1985,90.75142845165173,4.200162459752167,11.215217113494873
1986,90.7332262550685,6.9078988838008595,11.222015142440796
1987,90.71508701022763,4.185996414861943,11.226847171783447
1988,90.69700399770915,6.886729816935188,11.231709241867065
1989,90.67897475811549,4.17386126655769,11.236384153366089
1990,90.66099352434249,6.868605270391893,11.24137020111084
1991,90.64305820997885,4.163470736472958,11.246189594268799
1992,90.62516388956321,6.853090811549711,11.251326322555542
1993,90.6073087909915,4.154573272518162,11.25607681274414
1994,90.589488721108,6.839808194997393,11.261771202087402
1995,90.57170216994815,4.146951227524915,11.266601085662842
1996,90.55394557323733,6.828432668995961,11.27130651473999
1997,90.53621763764028,4.140418733135151,11.276102542877197
1998,90.51851533303594,6.818688684941009,11.283600330352783
1999,90.50083754364834,4.134818804289424,11.288471460342407
2000,90.48318168888025,6.810344764694669,11.293287515640259
2001,90.46554679743184,4.130020084192967,11.298015594482422
2002,90.4479306640933,6.803208083400848,11.302693605422974
2003,90.4303324343559,4.1259135251240355,11.307334184646606
2004,90.41275021446297,6.797119153995068,11.314028024673462
2005,90.3951832437596,4.122409203648077,11.320617914199829
2006,90.3776298854879,6.791946860162903,11.32553243637085
2007,90.36008945400069,4.119433391829182,11.330246686935425
2008,90.34256052360325,6.787583977247886,11.334943771362305
2009,90.32504246827372,4.116925948081086,11.339559555053711
2010,90.3075340349043,6.783943242463392,11.345221042633057
2011,90.29003464460567,4.114838049999917,11.35040807723999
2012,90.27254318477665,6.7809539819794775,11.355110168457031
2013,90.25505911354439,4.113130263845479,11.359939098358154
2014,90.2375814321245,6.778559268035115,11.364588737487793
2015,90.22010962747751,4.111770928244041,11.369218826293945
2016,90.20264279242285,6.7767135593169225,11.373882055282593
2017,90.18518043612426,4.11073482040705,11.379846811294556
2018,90.16772172446366,6.7753807684034895,11.384650707244873
2019,90.15026618341184,4.110002069376248,11.389387607574463
2020,90.13281303634868,6.774532697719559,11.394164562225342
2021,90.11536182162776,4.109557280676921,11.398802280426025
2022,90.09791180694917,6.774147787649827,11.40348219871521
2023,90.08046253938193,4.109388838885194,11.408872127532959
2024,90.06301331966341,6.7742101252721865,11.414031028747559
2025,90.04556370049119,4.10948835798301,11.419026851654053
2026,90.02811300584554,6.774708668298741,11.425482749938965
2027,90.01066079140602,4.109850253274824,11.430248022079468
2028,89.99320639575366,6.775636645317563,11.434911727905273
2029,89.97574937523122,4.110471412618643,11.44049072265625
2030,89.95828907525676,6.776991099747259,11.446204900741577
2031,89.94082505075274,4.111350948490429,11.451024770736694
2032,89.92335664686618,6.778772550731002,11.455758094787598
2033,89.90588341517895,4.112490015800185,11.460524797439575
2034,89.8884046939289,6.780984749333403,11.46520733833313
2035,89.87092002953968,4.113891683345316,11.469855785369873
2036,89.85342874702232,6.783634512801003,11.475077390670776
2037,89.83593038587863,4.115560849305313,11.480242013931274
2038,89.81842425176768,6.786731623337694,11.484943151473999
2039,89.80090987551898,4.117504193272628,11.489670991897583
2040,89.7833865373999,6.790288780886089,11.494468212127686
2041,89.76585375779625,4.119730159024663,11.49912405014038
2042,89.74831078553726,6.794321601851197,11.504494190216064
2043,89.73075712873975,4.122248963609869,11.509759664535522
2044,89.71319199866197,6.798848657645386,11.51468300819397
2045,89.69561488924589,4.125072629400734,11.51956033706665
2046,89.678024967885,6.803891548461658,11.525959730148315
2047,89.66042171233325,4.128215036603934,11.530781745910645
2048,89.6428042395985,6.80947500883107,11.53616452217102
2049,89.62517200910152,4.1316919943441,11.541205883026123
2050,89.60752408065399,6.815627042383631,11.546282291412354
2051,89.58985989304024,4.135521328897017,11.551316738128662
2052,89.57217844171593,6.822379083819867,11.556090354919434
2053,89.55447914234286,4.13972298795147,11.560860633850098
2054,89.53676091845486,6.8297661864745045,11.565568447113037
2055,89.51902315989555,4.1443191599535565,11.570708751678467
2056,89.50126471024976,6.837827234023806,11.575574398040771
2057,89.48348493061047,4.149334407640751,11.580638885498047
2058,89.46568257607132,6.846605174855247,11.585336208343506
2059,89.44785697577723,4.154795814806848,11.59009051322937
2060,89.43000678722267,6.85614727740036,11.594869375228882
2061,89.41213130411143,4.160733145155927,11.601404190063477
2062,89.39422907661634,6.866505404309855,11.606278657913208
2063,89.37629935918017,4.167179011789918,11.611451148986816
2064,89.35834058427288,6.8777363026997635,11.616338014602661
2065,89.34035196289614,4.174169055420859,11.621066808700562
2066,89.32233179873876,6.889901906815556,11.627338886260986
2067,89.30427925478675,4.181742128784769,11.63449215888977
2068,89.28619249414098,6.903069648269121,11.639326333999634
2069,89.26807062676706,4.189940483934356,11.644270420074463
2070,89.24991166262402,6.917312767484449,11.649164915084839
2071,89.23171465318616,4.198809958068435,11.654163599014282
2072,89.21347744196417,6.932710618102632,11.65899133682251
2073,89.19519901596776,4.208400152289649,11.66433596611023
2074,89.1768770382154,6.949348953716985,11.669374942779541
2075,89.15851042474267,4.218764596118992,11.674117088317871
2076,89.14009664333534,6.967320183440901,11.679181575775146
2077,89.12163453197691,4.22996088869822,11.68392038345337
2078,89.10312134785791,6.986723579325988,11.688664197921753
2079,89.08455584323644,4.242050805326603,11.693475246429443
2080,89.06593504884064,7.0076654144933235,11.699326038360596
2081,89.04725762291571,4.255100355267659,11.704201698303223
2082,89.02852035352703,7.030259005920542,11.709008932113647
2083,89.00972179599633,4.269179773572739,11.713716983795166
2084,88.9908584794339,7.054624630107211,11.718503952026367
2085,88.97192884671067,4.284363425973757,11.723209619522095
2086,88.95292915192198,7.080889273243908,11.730753421783447
2087,88.93385771537223,4.300729601672382,11.735609292984009
2088,88.9147105007442,7.1091861700607275,11.74034833908081
2089,88.89548569512685,4.31836016411596,11.745100498199463
2090,88.87617895761147,7.139654077239814,11.74977707862854
2091,88.85678833098122,4.337340024634907,11.754685163497925
2092,88.83730915748586,7.172436218299226,11.762155771255493
2093,88.81773932420992,4.357756398235741,11.767042398452759
2094,88.79807384713372,7.207678827430151,11.771801948547363
2095,88.77831044614457,4.3796977950755265,11.776613712310791
2096,88.75844380545514,7.245529210242664,11.78132963180542
2097,88.73847146642466,4.403252695468416,11.786014080047607
2098,88.71838778128706,7.28613323037308,11.7913498878479
2099,88.69819010207055,4.428507851104761,11.796483755111694
2100,88.67787245575029,7.329632123234997,11.801220893859863
2101,88.65743199522029,4.455546151075387,11.805984735488892
2102,88.63686243780901,7.376158532950693,11.810761451721191
2103,88.61616072907138,4.484443989053,11.815432071685791
2104,88.59532030350456,7.425831667185517,11.820262432098389
2105,88.57433789346476,4.515268068580613,11.82552981376648
2106,88.55320669131386,7.4787514690419155,11.834190130233765
2107,88.53192321360869,4.548071588087212,11.839137077331543
2108,88.51048046820179,7.534991717618855,11.84396767616272
2109,88.48887475759994,4.582889757470109,11.84863018989563
2110,88.46709898310063,7.594591991962209,11.853453159332275
2111,88.44514924053699,4.619734615556027,11.858987808227539
2112,88.42301842662587,7.657548469854449,11.863974332809448
2113,88.40070244498028,4.658589144343716,11.868672609329224
2114,88.37819431760988,7.723803586385578,11.873456478118896
2115,88.35548977903596,4.69940071353894,11.87825608253479
2116,88.33258213822879,7.793234650532604,11.882908821105957
2117,88.30946699410595,4.74207393929654,11.88971996307373
2118,88.28613813972564,7.8656416136233585,11.89487624168396
2119,88.26259108392752,4.786463105606805,11.899632692337036
2120,88.23882033953038,7.9407343031616415,11.904344320297241
2121,88.21482138438984,4.832364375968958,11.909207344055176
2122,88.19058972735834,8.018119578875307,11.913946390151978
2123,88.16612088915458,4.8795081161433265,11.919356107711792
2124,88.14141169199357,8.097289032271743,11.924423456192017
2125,88.11645778864634,4.927551753297761,11.929502010345459
2126,88.0912576712557,8.177608030152394,11.935907363891602
2127,88.06580722885828,4.976073707712069,11.940722227096558
2128,88.0401070144801,8.25830708548692,11.945469617843628
2129,88.01415327108654,5.024569042250451,11.950813055038452
2130,87.98794902927169,8.33847670935682,11.9558846950531
2131,87.96149101385434,5.072447570365748,11.961212635040283
2132,87.93478516221717,8.41706703278507,11.966073751449585
2133,87.90782881408282,5.119035230039557,11.970786333084106
2134,87.88063123710222,8.492893558735023,11.975590705871582
2135,87.8531905167818,5.163579550002873,11.980310678482056
2136,87.82551964521515,8.56465037915288,11.98549199104309
2137,87.7976175729011,5.205259984795638,11.99033236503601
2138,87.76950135270575,8.63093203442414,11.995444059371948
2139,87.74117089620431,5.243203755621885,12.000186204910278
2140,87.71264756301937,8.690264870307775,12.004909992218018
2141,87.6839322859651,5.276507586691254,12.009740591049194
2142,87.65505085246403,8.741148236569035,12.015053987503052
2143,87.62600522771366,5.304265361654016,12.02017593383789
2144,87.59682558912077,8.782105165412668,12.02513599395752
2145,87.56751488445116,5.325601244460403,12.03020715713501
2146,87.53810745480169,8.811741285250694,12.036411046981812
2147,87.50860711073204,5.339707233964926,12.041291236877441
2148,87.47905192112151,8.828809718199615,12.046685457229614
2149,87.44944636545087,5.345883493795718,12.051860332489014
2150,87.41983158650325,8.832278666641828,12.056678533554077
2151,87.39021246717864,5.3435791825816255,12.061773777008057
2152,87.3606323604821,8.821397438848363,12.066468715667725
2153,87.3310962258801,5.332430987451394,12.071177959442139
2154,87.30164858024227,8.795755943916806,12.075870752334595
2155,87.27229408977239,5.312296228455016,12.081882238388062
2156,87.24307725267076,8.75533235555615,12.087040185928345
2157,87.214002054618,5.283277341843667,12.091909646987915
2158,87.18511172017222,8.700523834946335,12.09661602973938
2159,87.15640918030118,5.245734833347341,12.101333618164062
2160,87.12793513468885,8.632155997047583,12.106061220169067
2161,87.0996911305784,5.200286447523986,12.112891435623169
2162,87.0717141768248,8.551468207770379,12.118469476699829
2163,87.04400418280301,5.147791302863315,12.123404502868652
2164,87.01659346424667,8.460073723994057,12.128194332122803
2165,86.98948013663312,5.089319014333348,12.132904291152954
2166,86.96269105051014,8.359895953812794,12.139232635498047
2167,86.93622248306298,5.026105232968253,12.144773483276367
2168,86.91009532510344,8.253084463940452,12.149683237075806
2169,86.88430408469821,4.959496406799068,12.154389142990112
2170,86.85886349886938,8.141916495554788,12.15926218032837
2171,86.83376647956705,4.890887726862434,12.164207220077515
2172,86.80902171334124,8.028691371261163,12.168945789337158
2173,86.78462077316563,4.821658999067948,12.174319982528687
2174,86.76056666815775,7.915626035245728,12.179498672485352
2175,86.73684994709477,4.753113452521621,12.1842520236969
2176,86.71346853681669,7.8047599095396905,12.189089298248291
2177,86.69041230490919,4.6864241978923635,12.195300817489624
2178,86.6676748522705,7.6978762405879895,12.200271606445312
2179,86.64524570809154,4.622592206177983,12.205153226852417
2180,86.62311499811624,7.596445263483322,12.2107253074646
2181,86.60127223147731,4.562418393361878,12.21559190750122
2182,86.57970493877123,7.501592074554085,12.220364809036255
2183,86.5584028849543,4.506490847963361,12.225314140319824
2184,86.53735185702982,7.4140894283591114,12.230041265487671
2185,86.51654209827817,4.4551866510376765,12.234680414199829
2186,86.49595842935003,7.334373157954581,12.241763591766357
2187,86.4755917367827,4.408686342581627,12.246811866760254
2188,86.45542654592002,7.262575918398219,12.251535415649414
2189,86.43545449535179,4.366998075086998,12.256330251693726
2190,86.41566036227627,7.198573723821391,12.261117935180664
2191,86.39603659549486,4.3299879751595824,12.266059160232544
2192,86.37656864246297,7.142039379406486,12.272375345230103
2193,86.35724977767893,4.297413219798783,12.277537822723389
2194,86.33806641399188,7.092497326131907,12.28238320350647
2195,86.31901263341851,4.268954745232288,12.287101030349731
2196,86.30007599896537,7.049375413786475,12.291924715042114
2197,86.28125135728568,4.244247201259549,12.29665470123291
2198,86.26252751325102,7.012050428287844,12.301995992660522
2199,86.24390001873752,4.222904580261618,12.307061195373535
2200,86.22535893823213,6.979885560530152,12.312134504318237
2201,86.20690045985833,4.204540742306109,12.316896438598633
2202,86.1885158703228,6.9522592121698805,12.321783065795898
2203,86.17020192105733,4.188784723490138,12.328355550765991
2204,86.1519510455374,6.928585468212088,12.333801984786987
2205,86.13376048584526,4.175291201602385,12.3403902053833
2206,86.11562372325628,6.908327187225881,12.345542192459106
2207,86.09753842113815,4.163746793637192,12.350553274154663
2208,86.07949899773712,6.891002989092003,12.35531497001648
2209,86.06150347359782,4.153872996763787,12.360116481781006
2210,86.04354709005841,6.876189515011117,12.366711139678955
2211,86.02562816710311,4.1454265969243345,12.374715805053711
2212,86.00774265847816,6.863520265173181,12.379786729812622
2213,85.98988913270304,4.138198299428757,12.384498357772827
2214,85.97206415251951,6.8526821525300745,12.3892502784729
2215,85.9542664908999,4.132010221103465,12.393992185592651
2216,85.93649322578975,6.84341070036173,12.399948596954346
2217,85.91874329701689,4.12671275251694,12.40483045578003
2218,85.90101421461051,6.8354845949857514,12.41004729270935
2219,85.8833050536036,4.122181171032034,12.414915561676025
2220,85.86561368378281,6.828720106858821,12.419645071029663
2221,85.84793928903981,4.11831227228491,12.424555540084839
2222,85.8302800368951,6.822965725587545,12.431286096572876
2223,85.81263519837377,4.11502119431223,12.436166286468506
2224,85.79500318614726,6.818097220892111,12.442496061325073
2225,85.77738334059752,4.112238535885339,12.447310447692871
2226,85.75977427535494,6.814013241067708,12.45201063156128
2227,85.74217538570068,4.109907817058,12.456657648086548
2228,85.72458544931098,6.810631488890445,12.463423252105713
2229,85.70700390465785,4.107983292663028,12.46829605102539
2230,85.68942966274132,6.807885466954964,12.473411321640015
2231,85.67186219576396,4.106428105257533,12.478203296661377
2232,85.65430052250905,6.8057217548078235,12.48288869857788
2233,85.63674414126504,4.105212749687956,12.487569093704224
2234,85.61919215733349,6.804097764173869,12.492966413497925
2235,85.6016440888953,4.1043138142949,12.498186349868774
2236,85.5840991099885,6.8029799120057755,12.502885580062866
2237,85.56655675364145,4.103712961558261,12.507727861404419
2238,85.54901624765485,6.8023421508230975,12.512505531311035
2239,85.53147713575642,4.103396111949368,12.517202854156494
2240,85.5139386867746,6.802164799431965,12.522072315216064
2241,85.49640045168282,4.103352797606011,12.52759575843811
2242,85.47886172936848,6.802433622876411,12.53245210647583
2243,85.46132207512647,4.103575656258778,12.537187337875366
2244,85.44378080831082,6.803139117141841,12.543609857559204
2245,85.42623748601143,4.1040600399798866,12.548376083374023
2246,85.40869143951376,6.804275960921543,12.553038835525513
2247,85.39114222546891,4.1048037174062095,12.559004545211792
2248,85.37358917935553,6.805842603180611,12.563900709152222
2249,85.35603185535818,4.105806651858116,12.568629503250122
2250,85.33846958599533,6.807840961049312,12.573721647262573
2251,85.32090192109584,4.10707084112978,12.578505754470825
2252,85.30332818347439,6.810276207611412,12.583198070526123
2253,85.2857479167971,4.108600207608606,12.588500738143921
2254,85.26816042769727,6.813156633440231,12.59381651878357
2255,85.25056525190733,4.110400529803494,12.59865689277649
2256,85.23296167354611,6.816493569277669,12.603360414505005
2257,85.21534921863869,4.1124794083574825,12.608177900314331
2258,85.197727142499,6.820301360141735,12.61295199394226
2259,85.18009495963354,4.114846261232141,12.617679357528687
2260,85.16245189021437,6.8245973834657025,12.622928857803345
2261,85.14479743535124,4.1175123440334955,12.628061056137085
2262,85.12713077361096,6.829402105697559,12.632829904556274
2263,85.1094513907337,4.12049079245331,12.637534856796265
2264,85.09175841702046,6.834739173184243,12.642365455627441
2265,85.07405132074723,4.123796684563813,12.648546695709229
2266,85.05632917702484,6.840635534240912,12.654284238815308
2267,85.03859143442307,4.127447121272269,12.659423589706421
2268,85.02083710561259,6.847121590052243,12.664259195327759
2269,85.00306561704116,4.1314613236403,12.668984174728394
2270,84.98527591130339,6.854231372574446,12.673941373825073
2271,84.96746739010925,4.135860746025221,12.67894959449768
2272,84.9496389178984,6.862002747878868,12.685511350631714
2273,84.93178986879906,4.140669204118904,12.690497159957886
2274,84.91391902051825,6.870477643473875,12.69554591178894
2275,84.89602571650218,4.145913016960503,12.700291633605957
2276,84.87810863859484,6.87970229798297,12.705053329467773
2277,84.86016709617243,4.151621161864759,12.709901094436646
2278,84.84219966548253,6.889727531273094,12.715213060379028
2279,84.8242056181246,4.157825440959741,12.720282077789307
2280,84.80618341436453,6.900609032520611,12.725243091583252
2281,84.78813228396514,4.164560657626331,12.73033595085144
2282,84.77005056013205,6.912407662945422,12.735089540481567
2283,84.75193742634355,4.1718648005813845,12.739848613739014
2284,84.73379107693646,6.925189768832556,12.744662761688232
2285,84.71561064423196,4.17977923261127,12.7516028881073
2286,84.6973941711349,6.939027499067372,12.756363153457642
2287,84.67914073347474,4.188348880017704,12.76147723197937
2288,84.66084820939244,6.953999119619651,12.766260147094727
2289,84.64251561239159,4.197622417650669,12.770996570587158
2290,84.62414064175647,6.97018931516784,12.77579402923584
2291,84.60572224229325,4.207652442924657,12.781680822372437
2292,84.58725791960347,6.98768946533071,12.786550521850586
2293,84.56874654285332,4.218495630413798,12.791431665420532
2294,84.55018540846378,7.006597879608967,12.796180486679077
2295,84.53157330241547,4.2302128564355765,12.800905704498291
2296,84.51290729588,7.027019971145974,12.80563473701477
2297,84.49418608347894,4.242869280422369,12.811032056808472
2298,84.47540649464698,7.04906834463776,12.816206455230713
2299,84.45656712382942,4.256534366795368,12.8209969997406
2300,84.43766454203484,7.072862768117157,12.82597279548645
2301,84.41869723406975,4.271281827450976,12.830702066421509
2302,84.39966149592189,7.098529991862215,12.835442543029785
2303,84.38055569266822,4.287189460821195,12.840183734893799
2304,84.3613758291738,7.126203370268784,12.845794439315796
2305,84.34212014010738,4.304338858777301,12.85221552848816
2306,84.32278432412167,7.156022234233052,12.857103109359741
2307,84.30336647428756,4.322814947424892,12.8618905544281
2308,84.28386196963456,7.188130952493476,12.866647005081177
2309,84.26426875005234,4.342705322186276,12.871320962905884
2310,84.24458186406243,7.222677610689374,12.877281904220581
2311,84.22479908657036,4.364099331623606,12.882465362548828
2312,84.20491512828427,7.259812226909283,12.887211322784424
2313,84.18492758734703,4.387086858473801,12.892065048217773
2314,84.16483083423125,7.299684412807327,12.896778583526611
2315,84.14462227889052,4.411756740719173,12.90151071548462
2316,84.12429595560728,7.342440380635733,12.90687608718872
2317,84.10384907550579,4.438194770731333,12.912116765975952
2318,84.083275349095,7.388219189901271,12.916924476623535
2319,84.06257177937361,4.4664812073224684,12.921705484390259
2320,84.04173177612294,7.4371481241428175,12.926656723022461
2321,84.0207521269667,4.49668773485817,12.931395292282104
2322,83.99962597726709,7.489337090358289,12.936088562011719
2323,83.97834989493855,4.52887380662674,12.94142770767212
2324,83.95691681351828,7.5448719430801106,12.946418046951294
2325,83.93532308083968,4.563082317866318,12.95259690284729
2326,83.91356149089614,7.603806654671016,12.95752739906311
2327,83.89162817626978,4.599334568931624,12.962278604507446
2328,83.86951588710998,7.666154286059626,12.966935396194458
2329,83.84722055220449,4.637624502937657,12.972656488418579
2330,83.82473500095283,7.731876761162105,12.977859735488892
2331,83.80205497802413,4.677912236846531,12.982920169830322
2332,83.77917354662327,7.800873516906579,12.987736463546753
2333,83.75608629690365,4.720116952310972,12.992579698562622
2334,83.73278671581812,7.8729691920296805,12.997281551361084
2335,83.70927028027994,4.764109274254106,13.002638339996338
2336,83.68553112978279,7.947900633814949,13.007797241210938
2337,83.66156468259697,4.809703342076824,13.01282024383545
2338,83.6373660009627,8.025303643224865,13.017577409744263
2339,83.612930513801,4.856648870324995,13.022406578063965
2340,83.58825451882348,8.104700043634631,13.02739691734314
2341,83.56333354044652,4.904623600652241,13.032184362411499
2342,83.53816546607926,8.185485841382414,13.037342548370361
2343,83.51274601606247,4.953226660660139,13.042337894439697
2344,83.48707505931452,8.266921437840761,13.047274351119995
2345,83.46114862697671,5.0019734603118025,13.053502321243286
2346,83.43496899124416,8.348125037348229,13.058427095413208
2347,83.4085326206949,5.050292862117073,13.063118934631348
2348,83.3818446303876,8.428070551512274,13.068771123886108
2349,83.35490206014119,5.097527442266444,13.07370138168335
2350,83.32771330799123,8.50559140001754,13.079074144363403
2351,83.30027611919718,5.142937697687557,13.083856344223022
2352,83.2726025926141,8.579391617441242,13.088910341262817
2353,83.24469130447689,5.185711027092221,13.093711853027344
2354,83.21655842186911,8.64806555778482,13.10071587562561
2355,83.18820345767475,5.224976200047127,13.10558295249939
2356,83.15964693147441,8.710127207461554,13.110631942749023
2357,83.13088936579949,5.259823806693624,13.115381002426147
2358,83.10195579827756,8.764049644560966,13.120057106018066
2359,83.07284778792085,5.289332838305938,13.124967336654663
2360,83.04359490142522,8.80831450385674,13.130298376083374
2361,83.0141997021781,5.312603083576681,13.135324716567993
2362,82.98469610994587,8.841470434228166,13.140074491500854
2363,82.95508759116754,5.328792452834369,13.14521050453186
2364,82.9254120307599,8.862198511847149,13.149948596954346
2365,82.89567362186575,5.337157699590572,13.156228303909302
2366,82.86591360193016,8.86938148110184,13.16374135017395
2367,82.83613663999762,5.337096356785892,13.168763637542725
2368,82.80638649222946,8.86217265651859,13.173640966415405
2369,82.77666798670012,5.328187126050785,13.178372144699097
2370,82.74702636609976,8.84005948369348,13.183277368545532
2371,82.7174662513746,5.310225547942845,13.188297510147095
2372,82.68803318435577,8.802916288268015,13.193201065063477
2373,82.6587311879838,5.283251635343601,13.19858717918396
2374,82.62960482267323,8.751040788046467,13.203440189361572
2375,82.60065712813805,5.24756634946901,13.20824670791626
2376,82.57193038620458,8.685169607880898,13.212997436523438
2377,82.54342630676109,5.203734380608279,13.217719316482544
2378,82.5151836634364,8.606469348728684,13.22238540649414
2379,82.48720255979389,5.152571654356821,13.229915142059326
2380,82.45951718235166,8.51650165440922,13.234798431396484
2381,82.4321258476801,5.095117249389538,13.239580631256104
2382,82.405057299862,8.417163024671595,13.244362115859985
2383,82.37830799996844,5.03259085791799,13.249071836471558
2384,82.35190067230641,8.310602586803752,13.253753900527954
2385,82.32582997070637,4.966338374487881,13.262376070022583
2386,82.3001123302828,8.199123350791293,13.267289876937866
2387,82.2747407550235,4.897769472137306,13.272023439407349
2388,82.24972543212886,8.085074315489885,13.276831865310669
2389,82.22505796384114,4.82829193535518,13.281620264053345
2390,82.20074261791383,7.97074188632958,13.286321878433228
2391,82.17676990739855,4.759247923312754,13.29369568824768
2392,82.15313875065246,7.85824921807289,13.298587322235107
2393,82.12983891847679,4.691857155125794,13.303317785263062
2394,82.10686473035011,7.749471245380189,13.308156251907349
2395,82.08420556636534,4.627171244216088,13.31290888786316
2396,82.06185200930587,7.645971394979126,13.317617177963257
2397,82.0397933787297,4.566042153002508,13.324385166168213
2398,82.01801742587443,7.548963520521308,13.329389333724976
2399,81.99651369881202,4.509106165154515,13.334168434143066
2400,81.9752680034514,7.459299819104609,13.338932514190674
2401,81.95427035183286,4.456783109871915,13.343723058700562
2402,81.93350542158107,7.377482791918284,13.34844183921814
2403,81.91296386522565,4.409289066168938,13.353306770324707
2404,81.89262994409354,7.3036970956957505,13.360188245773315
2405,81.87249506950965,4.3666596367634005,13.365071535110474
2406,81.85254367247927,7.237855688430596,13.369821071624756
2407,81.83276798841419,4.328780245186776,13.374670505523682
2408,81.81315307075918,7.179654131119955,13.379385232925415
2409,81.79369199928382,4.2954198076916965,13.384099006652832
2410,81.77437077353736,7.128627216717593,13.389286279678345
2411,81.75518330215662,4.266264494512448,13.394659280776978
2412,81.73611673775045,7.08420306075968,13.399431467056274
2413,81.71716577590084,4.24094898199162,13.404171228408813
2414,81.69831883000981,7.045751127368944,13.408971786499023
2415,81.67957132283323,4.219083437615858,13.413724899291992
2416,81.6609129568209,7.012622096894021,13.42029070854187
2417,81.64233981164226,4.200275316511621,13.425456047058105
2418,81.62384284729268,6.9841787799428445,13.430378675460815
2419,81.60541872554909,4.184145764754096,13.435112953186035
2420,81.58705959078678,6.9598183058541645,13.439892768859863
2421,81.56876261205964,4.170340959336754,13.444669485092163
2422,81.55052101880736,6.938986508411004,13.449539422988892
2423,81.5323324157303,4.1585390528348665,13.454726457595825
2424,81.51419100438235,6.921185813357675,13.461705207824707
2425,81.49609475879345,4.148453553528241,13.46659779548645
2426,81.4780387355699,6.905978058390573,13.471352100372314
2427,81.46002121828,4.139833998550861,13.476186990737915
2428,81.44203800419963,6.8929836205020045,13.481080055236816
2429,81.42408763368958,4.132464712969423,13.486268520355225
2430,81.406166537463,6.881878059286678,13.491249084472656
2431,81.38827346698613,4.12616233176521,13.49649691581726
2432,81.37040538894331,6.87238726685385,13.501206636428833
2433,81.3525612269441,4.120772625913924,13.506034851074219
2434,81.334738397154,6.864281887599259,13.51079773902893
2435,81.31693596253955,4.116167039653024,13.516534805297852
2436,81.29915171344066,6.857371561004024,13.521389245986938
2437,81.28138482490333,4.112239226373994,13.52695369720459
2438,81.26363339685223,6.8514993616640085,13.531800985336304
2439,81.2458966939376,4.108901771326332,13.536567211151123
2440,81.22817307092572,6.84653666782758,13.541425466537476
2441,81.21046186369797,4.106083211806731,13.548126459121704
2442,81.19276163588165,6.84237858171588,13.553037881851196
2443,81.17507177966422,4.103725408210409,13.55792760848999
2444,81.15739102916045,6.838939947788342,13.564090490341187
2445,81.1397188207914,4.101781279337522,13.568881750106812
2446,81.12205402725857,6.836151963278261,13.573584794998169
2447,81.10439611947561,4.100212889255375,13.58035659790039
2448,81.08674408224478,6.833959343218788,13.585253238677979
2449,81.06909741311244,4.098989857520907,13.590121746063232
2450,81.05145518696072,6.832317984599474,13.594844341278076
2451,81.03381692161135,4.098088056746784,13.599820852279663
2452,81.0161817636409,6.831193066976488,13.604528665542603
2453,80.9985492459746,4.097488558957748,13.611216306686401
2454,80.98091857142462,6.830557526324767,13.616289138793945
2455,80.963289283775,4.097176793068596,13.62107515335083
2456,80.94566062894404,6.830390842574417,13.625962972640991
2457,80.92803215804481,4.097141878720094,13.63073444366455
2458,80.9104031488067,6.83067808727083,13.635452270507812
2459,80.89277315668802,4.097376105660536,13.640275001525879
2460,80.87514148135931,6.8314091847378915,13.645742177963257
2461,80.85750768004979,4.097874532174041,13.650559186935425
2462,80.83987106559371,6.8325783472760415,13.655312538146973
2463,80.82223119471547,4.098634680310425,13.660106658935547
2464,80.8045873854561,6.834183651644596,13.666313648223877
2465,80.78693919197244,4.099656309612486,13.671097993850708
2466,80.76928593015313,6.836226730179401,13.67664361000061
2467,80.7516271496655,4.100941254535168,13.68149185180664
2468,80.7339621573037,6.838712555170782,13.686269998550415
2469,80.71629049640768,4.102493313760602,13.691102504730225
2470,80.69861145800043,6.841649299625642,13.695834159851074
2471,80.68092457729429,4.104318182138143,13.700774669647217
2472,80.66322912300518,6.845048261253226,13.707653045654297
2473,80.64552462041368,4.106423418058149,13.712592840194702
2474,80.62781030942708,6.848923839533487,13.717306137084961
2475,80.61008570355233,4.108818440745786,13.722123146057129
2476,80.59235000732863,6.853293558155639,13.726977825164795
2477,80.57460272057826,4.1115145532949215,13.731733083724976
2478,80.55684300577336,6.85817812701229,13.737112998962402
2479,80.53907034704363,4.114524988303489,13.7424476146698
2480,80.52128385788073,6.863601539406181,13.747310638427734
2481,80.50348300458971,4.117864973763807,13.752047777175903
2482,80.4856668444872,6.869591201229688,13.75690770149231
2483,80.46783482376972,4.121551817452841,13.761640071868896
2484,80.44998593603894,6.876178089660234,13.768016815185547
2485,80.43211960492107,4.125605008474014,13.773166418075562
2486,80.41423475235568,6.883396939459758,13.778247833251953
2487,80.3963307767313,4.13004633486537,13.78299880027771
2488,80.37840651991219,6.891286455237844,13.787828922271729
2489,80.36046135214877,4.134900016308329,13.792679071426392
2490,80.34249402629375,6.8998895481285,13.797359704971313
2491,80.3245038812945,4.140192850964293,13.803360223770142
2492,80.30648957147869,6.909253595185298,13.808396816253662
2493,80.2884504010302,4.145954375328816,13.813310861587524
2494,80.27038491560886,6.919430719445064,13.81805157661438
2495,80.2522923808464,4.152217035723117,13.822837114334106
2496,80.23417122291323,6.930478088019996,13.827654600143433
2497,80.21602066473696,4.159016369623182,13.83297872543335
2498,80.1978390014569,6.94245822472548,13.838024377822876
2499,80.17962540874368,4.166391194440964,13.843128681182861
2500,80.16137803840819,6.955439332605774,13.848001718521118
2501,80.14309601387276,4.174383800599029,13.852704763412476
2502,80.12477733054169,6.969495620213796,13.857588529586792
2503,80.1064210541201,4.183040144739047,13.8623366355896
2504,80.08802500973654,6.984707623612417,13.868932485580444
2505,80.06958819939392,4.192410037650629,13.873998880386353
2506,80.05110826329317,7.00116251367716,13.878968477249146
2507,80.03258413319388,4.202547319944586,13.88367486000061
2508,80.01401324897081,7.018954375372923,13.888474464416504
2509,79.99539446500681,4.213510016589775,13.89324426651001
2510,79.97672500477279,7.038184442112962,13.898989200592041
2511,79.95800363751644,4.225360459120003,13.904102325439453
2512,79.93922735365791,7.058961264049979,13.9092116355896
2513,79.92039482890173,4.238165361560605,13.91407299041748
2514,79.90150280356855,7.081400784064613,13.918791055679321
2515,79.88254985074273,4.251995832856611,13.92363953590393
2516,79.86353244343083,7.105626289276406,13.930418014526367
2517,79.84444904235222,4.266927304781279,13.935310125350952
2518,79.8252958361381,7.131768198999796,13.940150260925293
2519,79.80607116274744,4.283039349924501,13.944894313812256
2520,79.78677090995907,7.159963642220493,13.949616432189941
2521,79.76739328196872,4.30041535940891,13.954331874847412
2522,79.74793385036979,7.190355768883355,13.960952043533325
2523,79.72839067406596,4.319142044496378,13.966012954711914
2524,79.70875899499418,7.2230927296800935,13.972296237945557
2525,79.68903671483629,4.339308720317219,13.97714352607727
2526,79.66921873517325,7.2583262488110325,13.981902599334717
2527,79.64930278831903,4.36100632375521,13.986605882644653
2528,79.62928342870381,7.296209703781157,13.99198842048645
2529,79.60915820717146,4.384326111321591,13.997152090072632
2530,79.58892132950758,7.336895616233469,14.001917123794556
2531,79.56857015337518,4.4093579770769065,14.007099628448486
2532,79.54809854142312,7.380532448944319,14.011888027191162
2533,79.52750364727487,4.436188325875527,14.01659607887268
2534,79.50677900498786,7.427260597628177,14.021307706832886
2535,79.48592155473321,4.464897434223511,14.027489185333252
2536,79.46492452797203,7.477207463564393,14.032479286193848
2537,79.44378464420024,4.4955562308653905,14.037240505218506
2538,79.42249487253682,7.530481496324667,14.042131662368774
2539,79.40105170768956,4.528222433167969,14.04686450958252
2540,79.37944791416322,7.587165107357486,14.05155324935913
2541,79.35767976198376,4.562935984997602,14.05833101272583
2542,79.33573988984637,7.647306377833493,14.063232898712158
2543,79.31362434872668,4.599713758941503,14.067933320999146
2544,79.2913257553305,7.710909521124391,14.074550151824951
2545,79.26883995423813,4.638543512412748,14.079381942749023
2546,79.24615967316717,7.777924115129099,14.08409333229065
2547,79.22328057164677,4.679377125525603,14.090447902679443
2548,79.20019565480828,7.848233195731065,14.095412492752075
2549,79.17690042893808,4.722123200608188,14.100128412246704
2550,79.15338838040074,7.921640403071725,14.105822086334229
2551,79.12965490630071,4.766639170437614,14.110886812210083
2552,79.10569421891994,7.99785649892642,14.115589618682861
2553,79.08150166415788,4.812723145498399,14.122177839279175
2554,79.05707246815572,8.076485726556676,14.127375841140747
2555,79.0324019988313,4.860105829239831,14.137338161468506
2556,79.0074868281184,8.15701266134102,14.144786596298218
2557,78.98232243515902,4.908442941921989,14.149905920028687
2558,78.95690711194398,8.23879039486062,14.155052661895752
2559,78.93123655384056,4.957308713026958,14.160197257995605
2560,78.90531118461674,8.321031095421194,14.164983749389648
2561,78.87912703517966,5.006191120851858,14.169788837432861
2562,78.85268710129348,8.402800176626023,14.176098585128784
2563,78.82598787986147,5.054489663343164,14.180940389633179
2564,78.79903539351871,8.483015458171094,14.186181783676147
2565,78.77182674154633,5.101516519884139,14.191305875778198
2566,78.74437142362159,8.560452788355745,14.196216344833374
2567,78.71666727619333,5.146501989179086,14.200938701629639
2568,78.68872769632094,8.633759579150084,14.205831289291382
2569,78.66055138094461,5.188605040521005,14.21088194847107
2570,78.63215598441148,8.701477542825282,14.217202425003052
2571,78.60354116402637,5.226929671214433,14.222090244293213
2572,78.57472909589937,8.762075577202339,14.227201223373413
2573,78.54572046066718,5.260547501733963,14.23208236694336
2574,78.51654208786533,8.813993197295709,14.236883640289307
2575,78.48719569370567,5.288526650542576,14.24202847480774
2576,78.45771272326388,8.85569414598131,14.2485830783844
2577,78.42809587722678,5.309966414624831,14.253453969955444
2578,78.39838097665505,8.885728855130193,14.258439064025879
2579,78.36857158277465,5.324036661595478,14.263301849365234
2580,78.33870742851069,8.902803328354883,14.268028974533081
2581,78.30879273456435,5.330020160504859,14.272886753082275
2582,78.27887044810552,8.905850875503477,14.280669212341309
2583,78.24894517390999,5.327355411760015,14.285586833953857
2584,78.2190621514249,8.89410208501854,14.29048466682434
2585,78.18922603092396,5.315676973339934,14.295185804367065
2586,78.15948322771152,8.867147638534469,14.299866914749146
2587,78.12983805560144,5.294849923020833,14.304573059082031
2588,78.10033684590672,8.82498822363536,14.309977769851685
2589,78.07098317801871,5.264995042183434,14.315422773361206
2590,78.04182196567793,8.768066032383075,14.320245504379272
2591,78.01285567236684,5.226501629297696,14.325083017349243
2592,77.9841264698896,8.697273234041534,14.330224990844727
2593,77.95563537470524,5.180025580144724,14.335158824920654
2594,77.92742058980923,8.613934382012298,14.34003758430481
2595,77.89948143481647,5.126471478679052,14.345428943634033
2596,77.8718510986903,8.51976185393737,14.350261449813843
2597,77.8445270593018,5.066958834832509,14.355076789855957
2598,77.8175366985328,8.416785921954009,14.359860897064209
2599,77.79087562542983,5.00277413368257,14.364569425582886
2600,77.76456492276698,8.307263615436728,14.369240283966064
2601,77.73859842185287,4.935311835305368,14.376046180725098
2602,77.71299073728629,8.193572834847343,14.382651805877686
2603,77.68773411985273,4.866008685395309,14.38747262954712
2604,77.66283686328482,8.07809987257951,14.392333984375
2605,77.63828991887569,4.796276482064585,14.397077798843384
2606,77.61409569024214,7.9631293253634965,14.401759624481201
2607,77.59024416502615,4.727438663036423,14.407737731933594
2608,77.56673251700731,7.850745182434675,14.412723541259766
2609,77.54355012943243,4.660675673871463,14.41773509979248
2610,77.5206897686852,7.742750629285108,14.422605752944946
2611,77.49814056665595,4.596983086962452,14.427396059036255
2612,77.47589179447246,7.640611965164275,14.432312965393066
2613,77.45393265491849,4.537144991069919,14.439821481704712
2614,77.43224985603817,7.545429291766655,14.444819927215576
2615,77.41083294544725,4.481723469198384,14.44956660270691
2616,77.38966695985378,7.457933697542193,14.454384803771973
2617,77.36874200746355,4.431063281568446,14.459259271621704
2618,77.3480422580201,7.378507979157713,14.463968515396118
2619,77.32755853509138,4.385309421504904,14.470593214035034
2620,77.30727482699332,7.307225896270141,14.475692510604858
2621,77.28718276931563,4.3444342125602535,14.482000350952148
2622,77.2672667195373,7.243903797674327,14.486854553222656
2623,77.24751917062645,4.308270167456342,14.491722583770752
2624,77.2279252622886,7.18815824954339,14.496378898620605
2625,77.20847834794039,4.2765449243822005,14.502152919769287
2626,77.18916463312189,7.139463920066256,14.507221221923828
2627,77.16997830223603,4.248915107232598,14.512163639068604
2628,77.15090679620842,7.097207177471695,14.516921281814575
2629,77.13194507784375,4.2249967572175064,14.522183418273926
2630,77.11308189843339,7.060732334777811,14.526989698410034
2631,77.09431293184457,4.204390875151658,14.533653974533081
2632,77.0756282409418,7.029378942683495,14.538573026657104
2633,77.05702413553243,4.186703445822336,14.543696880340576
2634,77.03849193748505,7.002509786157799,14.54850435256958
2635,77.02002851511148,4.171559988789289,14.553300142288208
2636,77.00162636073466,6.979530170633095,14.558166980743408
2637,76.98328282545954,4.158615150337258,14.564731121063232
2638,76.9649914623815,6.959899667484727,14.569710969924927
2639,76.94675003418078,4.147558121760911,14.574658155441284
2640,76.9285530355786,6.943137764510848,14.579605102539062
2641,76.9103985758208,4.138114772046841,14.585998058319092
2642,76.89228197126974,6.928824906553041,14.590844869613647
2643,76.87420161981676,4.1300473637066695,14.597431898117065
2644,76.85615354458719,6.916600293190559,14.605354070663452
2645,76.83813638154305,4.123152624778779,14.610449075698853
2646,76.82014675453117,6.906157595281664,14.61520004272461
2647,76.80218349417045,4.117258816455693,14.620214223861694
2648,76.78424372982843,6.897239514661598,14.62506651878357
2649,76.76632645005266,4.112222292837108,14.630670547485352
2650,76.7484292061025,6.889631878590711,14.635625839233398
2651,76.73055111376915,4.107923915225376,14.640512466430664
2652,76.71269007399898,6.8831577542503934,14.645240068435669
2653,76.69484530446059,4.104265568083461,14.649982929229736
2654,76.67701499429462,6.877671898430122,14.654809713363647
2655,76.6591984422636,4.10116693098668,14.66163158416748
2656,76.64139407388707,6.873055725461059,14.66657018661499
2657,76.62360125211617,4.098562590421488,14.672338962554932
2658,76.60581859553231,6.869212879411574,14.677127599716187
2659,76.58804551759673,4.096399524659082,14.68189787864685
2660,76.57028079393393,6.866065429313604,14.708729028701782
2661,76.55252387748644,4.09463496074035,14.71668004989624
2662,76.53477367105198,6.863550662725328,14.725518941879272
2663,76.51702965817312,4.093234581252741,14.732658624649048
2664,76.49929084405267,6.861618427458572,14.738227128982544
2665,76.48155673567304,4.092171046760448,14.744635581970215
2666,76.463826420049,6.8602289587736065,14.752732515335083
2667,76.4460994218054,4.091422794640787,14.75821590423584
2668,76.42837489255166,6.859351125697443,14.764669179916382
2669,76.41065236982581,4.090973074469799,14.77201223373413
2670,76.39293105531347,6.858961032089879,14.776996850967407
2671,76.3752104955642,4.090809182256833,14.781960487365723
2672,76.35748992995343,6.859040913406453,14.789200067520142
2673,76.33976891077623,4.090921859531749,14.794316530227661
2674,76.32204670437697,6.859578277048466,14.799264430999756
2675,76.30432286600636,4.0913048276792585,14.804231643676758
2676,76.28659667954105,6.860565241679033,14.80947208404541
2677,76.26886770075185,4.091954432418573,14.81691837310791
2678,76.25113522258145,6.861998038178605,14.821978330612183
2679,76.23339879913785,4.0928693776134,14.827327013015747
2680,76.21565772468085,6.8638766416380665,14.832321166992188
2681,76.19791154964709,4.094050531463465,14.837121963500977
2682,76.18015956237267,6.866204509716943,14.841876029968262
2683,76.16240130772321,4.09550079149718,14.852229595184326
2684,76.14463606120864,6.868988407771915,14.857659578323364
2685,76.12686336028061,4.097224997642787,14.862522840499878
2686,76.1090824609159,6.87223830539979,14.883150577545166
2687,76.09129289132116,4.099229885016786,14.889472723007202
2688,76.07349388130973,6.875967332523595,14.894334554672241
2689,76.05568494798739,4.101524069994221,14.898953437805176
2690,76.03786528834647,6.880191785940109,14.903625249862671
2691,76.02003440647792,4.10411806466118,14.90833306312561
2692,76.00219145977941,6.88493117946332,14.91368055343628
2693,75.98433593732408,4.107024315955629,14.918691158294678
2694,75.96646694994459,6.890208332518776,14.923556804656982
2695,75.94858396957656,4.110257266734026,14.928994178771973
2696,75.93068605324596,6.896049493342487,14.933850526809692
2697,75.91277265348721,4.113833436693691,14.938640594482422
2698,75.8948427659387,6.9024844939027545,14.943378448486328
2699,75.87689582129808,4.1177715215845785,14.948529958724976
2700,75.8589307458303,6.909546934308255,14.953253030776978
2701,75.84094694576169,4.1220925094703045,14.958564281463623
2702,75.82294326952987,6.91727439488712,14.963355779647827
2703,75.80491909602725,4.126819812985436,14.967980146408081
2704,75.786873186883,6.925708674266838,14.972758054733276
2705,75.76880489053416,4.131979416576622,14.979254007339478
2706,75.75071287223422,6.934896051739136,14.98409104347229
2707,75.7325964465537,4.137600037627431,14.99051833152771
2708,75.7144541721625,6.944887571907489,14.995398759841919
2709,75.69628532602904,4.143713300138305,15.000058889389038
2710,75.67808834933867,6.955739349097147,15.005016326904297
2711,75.65986247736336,4.150353919260249,15.010427236557007
2712,75.6416060221631,6.967512888214028,15.01558780670166
2713,75.623318172823,4.157559894435525,15.020382404327393
2714,75.60499709985748,6.980275417673818,15.025218725204468
2715,75.5866419412378,4.1653727081742415,15.030593872070312
2716,75.56825071270498,6.99410022857729,15.035398960113525
2717,75.54982249571331,4.173837526543016,15.040294170379639
2718,75.53135513717739,7.009067012495409,15.045664548873901
2719,75.51284765611467,4.183003396236587,15.05042552947998
2720,75.49429771573786,7.0252621879200134,15.055238246917725
2721,75.47570426614958,4.192923431600195,15.059984922409058
2722,75.45706477118901,7.042779202592361,15.064679384231567
2723,75.43837810496989,4.203654983114487,15.069374322891235
2724,75.41964151554902,7.061718795450267,15.076866865158081
2725,75.40085379334278,4.215259776607318,15.081734895706177
2726,75.38201195358135,7.082189197717399,15.086514234542847
2727,75.3631146946107,4.227804009743339,15.09278130531311
2728,75.34415878130741,7.104306247659642,15.097578525543213
2729,75.32514281088845,4.241358389130725,15.102235555648804
2730,75.3060632800873,7.128193387602421,15.108787298202515
2731,75.28691867523872,4.2559980876122525,15.113666296005249
2732,75.26770520718709,7.153981504913934,15.118659734725952
2733,75.24842124094623,4.271802596942711,15.12350082397461
2734,75.22906268417941,7.18180857077325,15.12820553779602
2735,75.20962776948842,4.288855446094942,15.133232355117798
2736,75.1901120850571,7.211819021628122,15.140060424804688
2737,75.17051371939998,4.307243749887621,15.144970655441284
2738,75.15082792661175,7.244162818457475,15.149704933166504
2739,75.13105263897187,4.3270575465895185,15.154506921768188
2740,75.1111827644504,7.278994108419513,15.159270524978638
2741,75.09121606663697,4.348388876757707,15.1639986038208
2742,75.07114709902541,7.3164694025693935,15.169365644454956
2743,75.05097344399333,4.3713305490818355,15.174792528152466
2744,75.03068929726288,7.356745172622705,15.179651260375977
2745,75.01029204773577,4.395974532810212,15.184366703033447
2746,74.98977553680022,7.399974759984438,15.189216613769531
2747,74.96913694831318,4.422409910989972,15.195441961288452
2748,74.94836978152043,7.446304482627742,15.200778722763062
2749,74.92747100492359,4.4507203250250145,15.2060387134552
2750,74.9064337989757,7.495868821357394,15.211031436920166
2751,74.88525490848923,4.480980839948738,15.215760231018066
2752,74.86392723244445,7.54878456850703,15.220536708831787
2753,74.84244728650036,4.513254162618394,15.22535753250122
2754,74.82080774269231,7.6051438315762425,15.230105876922607
2755,74.79900488601513,4.547586153323861,15.235585451126099
2756,74.77703123694775,7.665005804669536,15.241246938705444
2757,74.75488285355291,4.584000586942039,15.246132373809814
2758,74.73255220502166,7.728387255132753,15.250819683074951
2759,74.71003513295139,4.622493144824969,15.255666255950928
2760,74.68732418468578,7.7952517251775975,15.260397911071777
2761,74.66441500423343,4.663024655317507,15.267127990722656
2762,74.64130038010352,7.865497522187283,15.272107124328613
2763,74.61797578780836,4.7055136512971645,15.277214765548706
2764,74.59443445786802,7.93894467015996,15.282041549682617
2765,74.57067173846072,4.7498283792251526,15.286860704421997
2766,74.54668154455628,8.015321120804403,15.291717290878296
2767,74.52245915199414,4.795778476968112,15.298869371414185
2768,74.49799944701405,8.094248676873883,15.303805828094482
2769,74.47329770342155,4.843106636887315,15.308903932571411
2770,74.44835011112687,8.175229260463981,15.313722848892212
2771,74.42315202844773,4.891480684300785,15.318474292755127
2772,74.39770132581805,8.257632359432048,15.323294639587402
2773,74.37199354891087,4.940486624648718,15.329869508743286
2774,74.34602866568403,8.340684694946534,15.334840059280396
2775,74.31980252711053,4.989623337401993,15.340196371078491
2776,74.29331764742625,8.423463355270735,15.345081806182861
2777,74.2665703130931,5.038299708768261,15.349842309951782
2778,74.23956605178539,8.504893810967694,15.3547043800354
2779,74.21230172298156,5.0858350820081535,15.3600754737854
2780,74.18478633434563,8.583754333168214,15.365229845046997
2781,74.157017455993,5.131463942925826,15.370055675506592
2782,74.12900801647373,8.658688341546624,15.374818325042725
2783,74.10075642456,5.174345724959754,15.379518985748291
2784,74.07227991404137,8.728226070769496,15.384220123291016
2785,74.04357783881191,5.213580488471865,15.388911962509155
2786,74.01467202994594,8.790816623402169,15.394866228103638
2787,73.98556285774137,5.248230980207458,15.401421070098877
2788,73.95627691158299,8.844870942149425,15.41998553276062
2789,73.9268156000342,5.27735119704013,15.426681995391846
2790,73.8972102621403,8.88881547144467,15.431832313537598
2791,73.86746330387291,5.300021062284935,15.436831712722778
2792,73.8376106010341,8.921155302814379,15.441965341567993
2793,73.80765544302746,5.315386192128597,15.446711540222168
2794,73.7776377995282,8.940544463206404,15.4513578414917
2795,73.74756165092847,5.322701027871537,15.4580078125
2796,73.71747037604791,8.945859807369423,15.462872743606567
2797,73.68736837707587,5.321372906862904,15.467580318450928
2798,73.65730152189956,8.936273854223412,15.472434997558594
2799,73.62727429881154,5.311004034578904,15.477192878723145
2800,73.59733393727994,8.911321034604567,15.48188066482544
2801,73.56748462872729,5.291427909153134,15.488818645477295
2802,73.53777367948497,8.870951376007257,15.493878364562988
2803,73.50820458114679,5.262736642530385,15.500084638595581
2804,73.47882334523237,8.815565800401512,15.505030155181885
2805,73.44963237353468,5.225295901503595,15.509824514389038
2806,73.42067500919856,8.746028058891866,15.51447582244873
2807,73.39195222216334,5.179744896026256,15.520381212234497
2808,73.36350340356103,8.663649887824091,15.52561616897583
2809,73.335327829714,5.126979950150036,15.53050422668457
2810,73.30745983477257,8.570148150326471,15.53542971611023
2811,73.27989684521076,5.068121614043995,15.540339469909668
2812,73.2526672874819,8.467575318012315,15.545437335968018
2813,73.2257667019154,5.004466862758481,15.55225157737732
2814,73.1992170645039,8.358227349290827,15.558193683624268
2815,73.17301211454289,4.937429483212942,15.563082933425903
2816,73.14716716867612,8.244535479887608,15.567826747894287
2817,73.1216743602002,4.868473063383734,15.572666883468628
2818,73.09654246743553,8.128950304217202,15.577399015426636
2819,73.07176230025037,4.79904187178138,15.584172010421753
2820,73.04733651763043,8.013827497457955,15.589218616485596
2821,73.02325494647832,4.73049520567643,15.594208240509033
2822,72.99951478883172,7.901324423141434,15.599387645721436
2823,72.97610525456028,4.664050425136641,15.605952024459839
2824,72.95301892513426,7.7933156571735145,15.610703706741333
2825,72.93024475397637,4.600738904036481,15.615888118743896
2826,72.90777163689198,7.691333276269642,15.620737314224243
2827,72.885588600406,4.54137764559812,15.625908374786377
2828,72.86368181494184,7.596534910955927,15.63070297241211
2829,72.84204066023726,4.486557541513708,15.635608196258545
2830,72.82064950308464,7.509699476601917,15.640434741973877
2831,72.79949829668135,4.436647465685595,15.647324323654175
2832,72.77857043742374,7.431247641758548,15.652232646942139
2833,72.757856609324,4.39181185398911,15.65720510482788
2834,72.73733994929405,7.361281891315999,15.66215705871582
2835,72.71701196955566,4.352038344575533,15.666898488998413
2836,72.69685611846677,7.2996397699349,15.671769142150879
2837,72.67686478095149,4.31717155439653,15.678521871566772
2838,72.65702214442291,7.245953628060097,15.683593511581421
2839,72.63732146746275,4.286949143527308,15.688470125198364
2840,72.61774796880684,7.199710819573562,15.69328784942627
2841,72.59829574823566,4.261036860693667,15.698060035705566
2842,72.57895122853697,7.160309552531154,15.704244136810303
2843,72.55970929456116,4.239060096521682,15.710753679275513
2844,72.54055764653076,7.1271071473254315,15.715860843658447
2845,72.5214918832074,4.220630405562647,15.721022367477417
2846,72.5025009779184,7.099459007464196,15.72590684890747
2847,72.48358116431406,4.205366332920415,15.730649948120117
2848,72.4647226276069,7.0767479353461455,15.735445499420166
2849,72.4459221550403,4.192908589655954,15.740906000137329
2850,72.42717104412316,7.05840441008222,15.746139764785767
2851,72.40846655621684,4.182930116145359,15.75118899345398
2852,72.38980097858503,7.043919061433476,15.75608777999878
2853,72.37117197182408,4.175141856714614,15.760831356048584
2854,72.352572679519,7.032848864605111,15.76556658744812
2855,72.33400109288905,4.1692951764369175,15.77030086517334
2856,72.31545107636087,7.024818621036696,15.776281833648682
2857,72.29692089024836,4.165181830162433,15.78116488456726
2858,72.27840498830636,7.0195191647043,15.786016702651978
2859,72.259901845666,4.162632293199197,15.790873050689697
2860,72.24140638152447,7.016703517173405,15.795629978179932
2861,72.22291723851164,4.161513123422251,15.800370931625366
2862,72.20442968683618,7.016181965655274,15.80853533744812
2863,72.18594249567273,4.1617238759028625,15.813465356826782
2864,72.16745118172399,7.01781679578161,15.818246603012085
2865,72.148954605343,4.1631939525879185,15.82312822341919
2866,72.13044843461977,7.021517197402799,15.827835321426392
2867,72.11193159043738,4.1658796514034995,15.83273196220398
2868,72.09339980543379,7.0272346875972715,15.839721202850342
2869,72.07485203419036,4.169761585239087,15.844669342041016
2870,72.05628399377647,7.03495926200293,15.849687337875366
2871,72.03769464856457,4.174842571292687,15.854580402374268
2872,72.0190796248867,7.04471639043142,15.859392166137695
2873,72.00043787505741,4.181146042654156,15.864145278930664
2874,71.98176486255089,7.0565649098973795,15.871163845062256
2875,71.96305950700228,4.188715003235246,15.876136541366577
2876,71.94431703798782,7.070595831615601,15.880919218063354
2877,71.92553632226279,4.197611530592544,15.885721206665039
2878,71.90671228353004,7.086932062278331,15.890555143356323
2879,71.88784371509142,4.207916825557939,15.895292520523071
2880,71.8689251597815,7.105729039215686,15.900678634643555
2881,71.84995531569827,4.219731810234073,15.90756607055664
2882,71.83092826460519,7.127176290009851,15.91250991821289
2883,71.8118425856196,4.2331782848399095,15.91727328300476
2884,71.79269181166765,7.151499947163243,15.922158479690552
2885,71.77347437615808,4.248400667778903,15.926903247833252
2886,71.75418316523712,7.178966275900966,15.932251930236816
2887,71.73481643587377,4.265568361443662,15.937487363815308
2888,71.71536631634466,7.209886307460675,15.942620754241943
2889,71.69583085121097,4.284878808497228,15.947410106658936
2890,71.67620128317354,7.244621711603834,15.952412843704224
2891,71.65647540169276,4.306561330046935,15.957322359085083
2892,71.63664341543426,7.283592091542001,15.962258577346802
2893,71.61670280750836,4.330881869102158,15.96743655204773
2894,71.59664257831186,7.327283944029295,15.97241997718811
2895,71.57645984250154,4.358148801344496,15.977359056472778
2896,71.5561421860188,7.3762615997897605,15.982112884521484
2897,71.53568627919024,4.388720022516969,15.986971616744995
2898,71.51507804766095,7.431180548665359,15.99177098274231
2899,71.49431362402814,4.423011580310542,15.997627019882202
2900,71.47337697844975,7.492803665169156,16.002540588378906
2901,71.45226359000688,4.461508192093301,16.00911283493042
2902,71.43095511651124,7.56202099053335,16.0140438079834
2903,71.4094462389832,4.50477608298356,16.018845796585083
2904,71.38771586857273,7.639873906306779,16.02389907836914
2905,71.36575770652983,4.5534786980622375,16.0301296710968
2906,71.34354738516149,7.727584764804731,16.03512978553772
2907,71.32107739587521,4.608395996693839,16.040138721466064
2908,71.298319435489,7.826593340556781,16.04505681991577
2909,71.27526449209847,4.670448237926302,16.049814224243164
2910,71.25187951093974,7.9386018582025235,16.055283308029175
2911,71.22815359956205,4.740725430322841,16.062320232391357
2912,71.2040479296647,8.065630869160183,16.067219972610474
2913,71.17954923940263,4.820523970484671,16.072105407714844
2914,71.15461163693865,8.210088938653529,16.07686471939087
2915,71.12921885213285,4.911392464797894,16.081639051437378
2916,71.10331628740947,8.374860032972146,16.086917638778687
2917,71.07688382178397,5.015189365702843,16.09395670890808
2918,71.04985604240532,8.563413760650251,16.098854780197144
2919,71.02220785571554,5.134155925598457,16.103999853134155
2920,70.99386029737661,8.77994536174676,16.10879135131836
2921,70.9647817927037,5.271009179313427,16.115235090255737
2922,70.93487623972115,9.029554766157178,16.120002508163452
2923,70.90410353197277,5.429061360485571,16.125935316085815
2924,70.87234567675493,9.318477469211892,16.130826950073242
2925,70.839551216269,5.61237456534928,16.136069536209106
2926,70.80557389052906,9.654384878191083,16.141001224517822
2927,70.7703469659322,5.825962945866262,16.14620304107666
2928,70.73368724767288,10.046778898917832,16.152092218399048
2929,70.69550719203859,6.076059776523569,16.15812110900879
2930,70.6555747188366,10.507515990603654,16.163044691085815
2931,70.6137735590534,6.370474224527357,16.167882680892944
2932,70.56980601331043,11.051511487213624,16.172807693481445
2933,70.52351559361526,6.719073858434045,16.17759656906128
2934,70.47451515326905,11.697698438099705,16.182322025299072
2935,70.42259101845269,7.1344458942376585,16.189321756362915
2936,70.36723204151228,12.470350926025326,16.194446086883545
2937,70.30814186522642,7.632816111303259,16.19925856590271
2938,70.24463423655334,13.400936647295952,16.204636812210083
2939,70.17629104617468,8.235344311213234,16.209497213363647
2940,70.10217372883184,14.530748211969065,16.215789318084717
2941,70.02168128315178,8.96997693704352,16.2210750579834
2942,69.9335035027413,15.914693518568985,16.22611141204834
2943,69.83675860037677,9.874132674113946,16.230852127075195
2944,69.72957578735809,17.62682638990045,16.235714197158813
2945,69.61063184407372,10.998641545358716,16.240586519241333
2946,69.4771886097802,19.768499429083597,16.245370864868164
2947,69.32721083864759,12.413569553338991,16.250747680664062
2948,69.15658201758363,22.48044487618207,16.256078243255615
2949,68.96208664433551,14.216841288933567,16.261237144470215
2950,68.7373579194334,25.960596269527365,16.266106367111206
2951,68.47716819766036,16.546846308866538,16.27100396156311
2952,68.17138242332155,30.489756893660456,16.275792360305786
2953,67.8112482934154,19.600122266483883,16.28069519996643
2954,67.38019374725039,36.466130792319554,16.285943269729614
2955,66.86315234602606,23.6534762043205,16.29103112220764
2956,66.23248673721712,44.44339929943256,16.29585862159729
2957,65.46170373629448,29.08256619203132,16.30064082145691
2958,64.50462532249495,55.14407429435953,16.30551528930664
2959,63.314450335202636,36.34504052751358,16.31022882461548
2960,61.81707638534038,69.351550769803,16.317513942718506
2961,59.93250303062838,45.83164469890471,16.32263469696045
2962,57.56098186349869,84.26601943868764,16.327582597732544
2963,54.71194686731588,57.87071416979722,16.332326889038086
2964,51.3252844865907,85.87536149535039,16.337290287017822
2965,47.80756175491571,74.88607909769836,16.342093467712402
2966,43.802984592023485,90.97866709994857,16.348132848739624
2967,39.46385868290108,87.47895580899133,16.35308051109314
2968,34.82377667090859,90.87440724041524,16.358296632766724
2969,30.043051842085823,90.02658533617654,16.363391637802124
2970,25.311418183422767,88.83683172902569,16.36822009086609
2971,20.860524563871135,87.64394614907401,16.373098373413086
2972,16.883724149647282,78.77547151062439,16.379791975021362
2973,13.514810914499941,73.34968617568803,16.38471531867981
2974,10.792598221871218,62.771797604225114,16.389734029769897
2975,8.696112536105531,55.899256381363834,16.394658088684082
2976,7.1426446502200545,45.99454092535338,16.399397134780884
2977,6.032991465956603,39.620889534486956,16.404269695281982
2978,5.261685504370494,31.72307539986115,16.4110324382782
2979,4.738418997328166,26.749341460013255,16.417566776275635
2980,4.389197558447845,21.07798442089992,16.422611951828003
2981,4.159119897843082,17.586351893658588,16.427428007125854
2982,4.008492087716869,13.783237081652691,16.43219542503357
2983,3.9100349193818196,11.506514988918203,16.436984539031982
2984,3.845345052573249,9.081848673791821,16.443770170211792
2985,3.8022805615841877,7.700903680994243,16.448678016662598
2986,3.77298097080948,6.231717385143957,16.45360040664673
2987,3.752350209550471,5.48255596863152,16.458407163619995
2988,3.7371813505337967,4.647817518463704,16.463419437408447
2989,3.7253948010001343,4.322382730124737,16.468146800994873
2990,3.7157166592350697,3.873861906448095,16.47491979598999
2991,3.7073144422048694,3.797024536613265,16.480042934417725
2992,3.6996961473164798,3.5467863226283263,16.48485779762268
2993,3.692541047565943,3.5886447210800485,16.4897723197937
2994,3.685666969674918,3.422837205097918,16.494534015655518
2995,3.6789564663335184,3.512380995775463,16.499274969100952
2996,3.6723445774946044,3.378412035423779,16.5041663646698
2997,3.665789755317088,3.485426172110634,16.50966453552246
2998,3.6592692801392435,3.3628213921749928,16.514509201049805
2999,3.652768670724132,3.4760041617860007,16.52084255218506
3000,3.646280028886162,3.3573762194991694,16.525753498077393
3001,3.639798330194017,3.472711648771643,16.532116889953613
3002,3.633320827391352,3.355467475618499,16.539010763168335
3003,3.6268457794596025,3.471552783012767,16.544116497039795
3004,3.6203722262081737,3.354789515693192,16.54895782470703
3005,3.6138995659925777,3.47113680679226,16.553882598876953
3006,3.607427459462301,3.3545404249165145,16.558692693710327
3007,3.6009557008945308,3.470979978946344,16.563406467437744
3008,3.5944841671630026,3.3544411254365163,16.568691730499268
3009,3.5880127903680816,3.470913814699766,16.5741069316864
3010,3.5815415229238527,3.3543943308745643,16.57891845703125
3011,3.5750703449729215,3.4708795258945684,16.583745002746582
3012,3.568599235422105,3.3543660684173715,16.58864998817444
3013,3.5621281911613907,3.470856568866234,16.59338879585266
3014,3.555657200438734,3.3543444612500757,16.59811568260193
3015,3.5491862659644218,3.4708377609313437,16.60404920578003
3016,3.5427153793089454,3.3543253590861637,16.60913062095642
3017,3.536244545184138,3.4708205954000304,16.613948583602905
3018,3.5297737563622555,3.354307317296797,16.61878752708435
3019,3.523303018223544,3.4708042033788153,16.625298023223877
3020,3.5168323239910264,3.3542898384998714,16.63005518913269
3021,3.510361679250871,3.4707882884220482,16.635820627212524
3022,3.503891077409709,3.354272755188904,16.641101837158203
3023,3.497420524102564,3.47077275194781,16.64597749710083
3024,3.4909500128247872,3.354256012306839,16.65077495574951
3025,3.484479549210493,3.4707575610456596,16.655623197555542
3026,3.4780091268110347,3.3542395903204776,16.660393714904785
3027,3.471538751247633,3.4707427015441357,16.66752862930298
3028,3.4650684161179113,3.3542234777875333,16.67319631576538
3029,3.4585981270315553,3.4707281611628997,16.678137063980103
3030,3.4521278776315927,3.354207661421579,16.68289804458618
3031,3.445657673522299,3.470713923335758,16.687785148620605
3032,3.4391875083948964,3.3541921223880657,16.6925528049469
3033,3.432717387856108,3.470699964847614,16.699213981628418
3034,3.4262473056498144,3.3541768348489036,16.704195261001587
3035,3.4197772673936964,3.4706862548706283,16.709337949752808
3036,3.413307266889618,3.3541617653411446,16.714139699935913
3037,3.4068373097749793,3.4706727545307285,16.718994140625
3038,3.4003673899154476,3.354146872488448,16.725330591201782
3039,3.393897512977004,3.4706594166989153,16.73195242881775
3040,3.387427672895232,3.3541321068607033,16.73694896697998
3041,3.3809578753735794,3.470646185892888,16.74220323562622
3042,3.3744881144238494,3.3541174109165044,16.747029304504395
3043,3.368018395795806,3.4706329982464186,16.751837015151978
3044,3.3615487135838773,3.354102719001721,16.756689071655273
3045,3.355079073592934,3.470619781529616,16.7621488571167
3046,3.348609470006479,3.3540879573912648,16.767258167266846
3047,3.34213990869317,3.4706064552118328,16.77254819869995
3048,3.335670383932029,3.354073044370925,16.777509689331055
3049,3.329200901664056,3.4705929305624257,16.782317876815796
3050,3.32273145627018,3.354057890352491,16.787272691726685
3051,3.3162620537721335,3.470579110787493,16.79230284690857
3052,3.3097926886590585,3.3540423980221488,16.797463417053223
3053,3.3033233670416164,3.470564891196115,16.802299737930298
3054,3.2968540835233484,3.3540264625175658,16.80744433403015
3055,3.290384844311827,3.4705501593954784,16.81225895881653
3056,3.2839156441310293,3.354009971630591,16.817086458206177
3057,3.2774464892931796,3.4705347955125165,16.82196617126465
3058,3.2709773746485578,3.3539928060325512,16.829304456710815
3059,3.264508306621518,3.4705186724371195,16.834264278411865
3060,3.2580392801943203,3.35397483952032,16.839276790618896
3061,3.2515703019106486,3.470501656083756,16.844053745269775
3062,3.2451013668902053,3.3539559392781464,16.848896980285645
3063,3.2386324818029166,3.4704836056691293,16.853643655776978
3064,3.2321636419111672,3.3539359661526778,16.859619855880737
3065,3.22569485401773,3.4704643740008856,16.864566802978516
3066,3.219226113532686,3.353914774937622,16.869457960128784
3067,3.212757427397947,3.4704438077756388,16.874584436416626
3068,3.2062887911760605,3.3538922146634684,16.879405736923218
3069,3.1998202119540595,3.470421747877895,16.88412046432495
3070,3.193351685451489,3.3538681288898236,16.890941619873047
3071,3.1868832189061704,3.4703980296822317,16.89589810371399
3072,3.180414808198938,3.3538423559949586,16.900705337524414
3073,3.1739464607237595,3.470372483349562,16.90556263923645
3074,3.1674781725268177,3.3538147294592875,16.91036629676819
3075,3.161009951163285,3.4703449341150954,16.91513419151306
3076,3.1545417928485247,3.3537850781389227,16.921834707260132
3077,3.148073705303686,3.4703152025634845,16.928438901901245
3078,3.1416056849169323,3.353753226525271,16.933330297470093
3079,3.135137739579891,3.4702831048880673,16.938228368759155
3080,3.128669865856951,3.35371899498491,16.943069219589233
3081,3.1222020718144705,3.4702484531282325,16.94786763191223
3082,3.1157343541963107,3.3536821999796635,16.954688787460327
3083,3.1092667212475877,3.4702110553821535,16.959720373153687
3084,3.1027991698947357,3.353642654257403,16.964473485946655
3085,3.0963317085654616,3.4701707159907094,16.969279527664185
3086,3.0898643343717414,3.3536001670149433,16.974122524261475
3087,3.083397055927546,3.47012723568691,16.979169368743896
3088,3.076929870533271,3.3535545440265047,16.98582410812378
3089,3.070462786992695,3.4700804117104664,16.991092920303345
3090,3.0639958027974585,3.3535055877340776,16.995919227600098
3091,3.0575289269446007,3.4700300378798152,17.000731945037842
3092,3.0510621571198078,3.3534530972977272,17.005685806274414
3093,3.044595502516798,3.4699759046218954,17.010481595993042
3094,3.0381289610181144,3.353396868600812,17.015405416488647
3095,3.031662542017576,3.469917798953726,17.020784854888916
3096,3.0251962435974638,3.3533366942091964,17.025831937789917
3097,3.0187300753551702,3.4698555044139106,17.032633781433105
3098,3.012264035575697,3.3532723632795696,17.037691354751587
3099,3.005798134063591,3.469788800941215,17.042571544647217
3100,2.9993323693097116,3.3532036614163125,17.04751229286194
3101,2.9928667513295024,3.469717464698027,17.05277132987976
3102,2.9864012788230223,3.353130370472787,17.058008432388306
3103,2.9799359620205674,3.469641267836319,17.06279420852661
3104,2.9734707998349936,3.3530522682969135,17.067870140075684
3105,2.967005802715684,3.4695599782038653,17.072731733322144
3106,2.960540969792191,3.352969128417627,17.077446460723877
3107,2.9540763117375577,3.4694733589908835,17.083272218704224
3108,2.947611827902294,3.3528807196732857,17.088382720947266
3109,2.941147529188069,3.469381168312672,17.093371391296387
3110,2.9346834151710275,3.3527868057801333,17.098207235336304
3111,2.928219496986891,3.469283158732541,17.1031174659729
3112,2.921755774442582,3.3526871448380007,17.107938051223755
3113,2.9152922589138184,3.4691790767195725,17.114622831344604
3114,2.90882895044397,3.352581488777024,17.119662046432495
3115,2.9023658606552796,3.4690686620451445,17.12478756904602
3116,2.895902989833807,3.3524695827442508,17.13111662864685
3117,2.8894403498554913,3.4689516471160093,17.13623857498169
3118,2.8829779412559535,3.3523511644285104,17.1410973072052
3119,2.8765157761727065,3.468827756246822,17.146930932998657
3120,2.87005385539849,3.3522259633282494,17.151827812194824
3121,2.8635921913410236,3.4686967048723485,17.156847953796387
3122,2.8571307850584553,3.3520936999614825,17.1617169380188
3123,2.8506696492381693,3.4685581987009964,17.166563987731934
3124,2.844208785212793,3.3519540850195733,17.171424627304077
3125,2.837748205959705,3.468411932813313,17.178064584732056
3126,2.8312879130959114,3.351806818469351,17.183319807052612
3127,2.8248279199000415,3.468257590704072,17.188307762145996
3128,2.8183682282842515,3.3516515886035902,17.193270206451416
3129,2.811908851840658,3.468094843276996,17.198071241378784
3130,2.8054497927882522,3.351488071043964,17.202890634536743
3131,2.7989910650458905,3.4679233477894416,17.208324909210205
3132,2.7925326711520357,3.351315927700075,17.21364402770996
3133,2.786074625366608,3.467742746754526,17.21849751472473
3134,2.779616930561167,3.351134805688522,17.22336173057556
3135,2.7731596013521136,3.46755266680325,17.228124380111694
3136,2.7667026409587447,3.3509443362145546,17.234352588653564
3137,2.7602460643705027,3.4673527175108796,17.2411630153656
3138,2.7537898751701047,3.350744133422717,17.246294498443604
3139,2.7473340887377566,3.467142490192896,17.25118374824524
3140,2.740878709036345,3.3505337932203636,17.25600528717041
3141,2.7344237518557546,3.4669215566761533,17.260778188705444
3142,2.727969221556867,3.3503128920772602,17.26554012298584
3143,2.7215151343593638,3.466689468047187,17.27047562599182
3144,2.715061495041054,3.3500809858110983,17.27594804763794
3145,2.7086083202727522,3.466445753388542,17.280819177627563
3146,2.7021556152692163,3.3498376083577672,17.28620171546936
3147,2.6957033971749653,3.4661899185047598,17.291090726852417
3148,2.6892516716628387,3.3495822705391207,17.295902013778687
3149,2.68280045637485,3.465921444644998,17.300620794296265
3150,2.6763497574641493,3.349314458828183,17.30662751197815
3151,2.6698995930952623,3.4656397872282048,17.31157660484314
3152,2.663449969924969,3.3490336341220726,17.316397666931152
3153,2.6570009066665357,3.4653443745793204,17.3213050365448
3154,2.6505524105047686,3.3487392305259336,17.32609987258911
3155,2.644104500729089,3.4650346066795534,17.330814599990845
3156,2.6376571850777806,3.3484306541555324,17.338649034500122
3157,2.631210483445008,3.464709853939435,17.34369683265686
3158,2.6247644041490066,3.348107281964214,17.348484754562378
3159,2.618318967718404,3.4643694560008127,17.353452444076538
3160,2.6118741830788594,3.347768460600877,17.35827875137329
3161,2.6054300714242826,3.4640127205732836,17.364972829818726
3162,2.59898664231618,3.3474135053057403,17.37031126022339
3163,2.592543917645613,3.4636389223129966,17.375351190567017
3164,2.586101907639275,3.347041698849024,17.380138397216797
3165,2.5796606349182465,3.4632473017493095,17.38497829437256
3166,2.573220110404601,3.346652290518824,17.389867782592773
3167,2.5667803574832524,3.462837064267106,17.39464044570923
3168,2.5603413878026533,3.3462444951664034,17.401508808135986
3169,2.553903225546236,3.4624073791481433,17.407459259033203
3170,2.5474658831205725,3.3458174923121855,17.412296295166016
3171,2.541029385543105,3.4619573786813214,17.417354345321655
3172,2.5345937460109393,3.3453704253199934,17.422204971313477
3173,2.5281589904117463,3.4614861573449063,17.426952362060547
3174,2.5217251327661767,3.3449024006452013,17.43234419822693
3175,2.5152921998689948,3.4609927710691766,17.439452648162842
3176,2.508860206597928,3.3444124871605574,17.444477081298828
3177,2.502429180692249,3.4604762365813238,17.449281215667725
3178,2.495999137920733,3.3438997155682095,17.45421028137207
3179,2.4895701070050387,3.459935530841774,17.45897626876831
3180,2.483142104639308,3.343363077899735,17.46439003944397
3181,2.476715160565818,3.4593695905756046,17.4695303440094
3182,2.4702892924386513,3.34280152711022,17.474574327468872
3183,2.4638645310591945,3.458777311902142,17.479410409927368
3184,2.4574408950762003,3.3422139767720713,17.484198331832886
3185,2.451018416388794,3.458157550069479,17.489035606384277
3186,2.4445971146751897,3.3415993008698,17.494129180908203
3187,2.438177022970912,3.4575091192978844,17.49937343597412
3188,2.4317581620183755,3.3409563337017967,17.504416465759277
3189,2.4253405660280736,3.4568307927334714,17.509404182434082
3190,2.4189242568412053,3.3402838698920254,17.51421356201172
3191,2.412509269881592,3.4561213025180004,17.519250631332397
3192,2.406095628123531,3.339580664514431,17.524084091186523
3193,2.399683368242194,3.4553793399757446,17.530786991119385
3194,2.3932725143789124,3.3388454333327737,17.53577995300293
3195,2.3868631044977637,3.4546035559222434,17.54271411895752
3196,2.380455163940546,3.338076853156749,17.547595262527466
3197,2.374048731997209,3.4537925610946543,17.552545070648193
3198,2.367643835242837,3.337273562319504,17.557448625564575
3199,2.3612405143294857,3.4529449267056718,17.562694549560547
3200,2.3548387970976123,3.3364341612735093,17.567577838897705
3201,2.348438725596755,3.452059185124642,17.57275080680847
3202,2.342040328963971,3.335557213309208,17.57764720916748
3203,2.3356436506806655,3.451133830682261,17.582412719726562
3204,2.329248721210748,3.334641245395237,17.587361574172974
3205,2.3228555855007484,3.4501673206022705,17.594248056411743
3206,2.316464275370585,3.333684749140589,17.599218130111694
3207,2.3100748372639046,3.4491580760603937,17.604164838790894
3208,2.3036873043845745,3.3326861818765976,17.60900068283081
3209,2.297301724703958,3.4481044833655496,17.613827228546143
3210,2.2909181328364783,3.3316439678617393,17.618614196777344
3211,2.2845365783102864,3.4470048952670918,17.624067306518555
3212,2.278157097175507,3.330556499602393,17.629300594329834
3213,2.2717797405445,3.445857632382525,17.634231328964233
3214,2.265404545926671,3.3294221392926837,17.640645742416382
3215,2.25903156604422,3.4446609847458576,17.64560890197754
3216,2.2526608398877297,3.328239220368018,17.65039825439453
3217,2.246292421812964,3.443413213472358,17.657113075256348
3218,2.239926352311784,3.327006049169241,17.662221908569336
3219,2.2335626873952075,3.4421125525385423,17.667063236236572
3220,2.2272014690745765,3.325720906716641,17.67194390296936
3221,2.220842755035709,3.440757210670353,17.676684379577637
3222,2.214486588825616,3.32438205058829,17.681455373764038
3223,2.208133029822201,3.4393453733388997,17.68635582923889
3224,2.2017821231222334,3.32298771689742,17.691835403442383
3225,2.1954339298106125,3.4378752048584196,17.696985244750977
3226,2.1890884965457555,3.3215361223683897,17.701874256134033
3227,2.1827458861319995,3.4363448505790655,17.706685781478882
3228,2.1764061467990032,3.3200254665014364,17.711455583572388
3229,2.1700693430804154,3.4347524391737143,17.716146230697632
3230,2.1637355247843564,3.3184539338241383,17.722147941589355
3231,2.1574047581809976,3.4330960850088204,17.727118015289307
3232,2.151077094661689,3.3168196962231487,17.731856107711792
3233,2.144752602237592,3.431373890596445,17.736730813980103
3234,2.1384313338855256,3.3151209153492798,17.743117094039917
3235,2.132113359359288,3.4295839491192766,17.747905254364014
3236,2.1257987332208135,3.3133557450924505,17.753966331481934
3237,2.1194875269652975,3.4277243470224446,17.758975982666016
3238,2.113179796736781,3.3115223341162783,17.763757467269897
3239,2.1068756157676587,3.425793166667042,17.768617391586304
3240,2.100575041778371,3.309618828447382,17.773486137390137
3241,2.094278149731314,3.423788489035316,17.77828073501587
3242,2.087984998914864,3.3076433741148152,17.783635139465332
3243,2.0816956660111683,3.4217083964818173,17.78901696205139
3244,2.0754102118652944,3.3055941198280774,17.793941259384155
3245,2.0691287148658,3.419550975524123,17.799011707305908
3246,2.0628512374003827,3.3034692196887248,17.80398154258728
3247,2.056577859547558,3.4173143196638134,17.80873155593872
3248,2.0503086452207526,3.3012668359290838,17.813661098480225
3249,2.044043676168853,3.4149965322306772,17.818875074386597
3250,2.037783017811265,3.298985141669604,17.824079990386963
3251,2.031526753544513,3.4125957292421316,17.828892707824707
3252,2.025274950271375,3.296622323686825,17.83375334739685
3253,2.0190276930101394,3.41011004227161,17.83864665031433
3254,2.0127850501214968,3.2941765851854448,17.845174551010132
3255,2.0065471082164823,3.407537621315745,17.85047221183777
3256,2.0003139370854006,3.291646148566837,17.855649709701538
3257,1.9940856248999013,3.404876637655193,17.86053466796875
3258,1.987862242848779,3.2890292581863667,17.865351915359497
3259,1.981643880629071,3.402125286699712,17.870282888412476
3260,1.9754306107941462,3.2863241830931713,17.87502145767212
3261,1.9692225245281436,3.399281790809945,17.880812883377075
3262,1.9630196957123296,3.2835292197431203,17.885807991027832
3263,1.9568222169766476,3.396344402091497,17.89095902442932
3264,1.9506301634908705,3.280642694680552,17.895774364471436
3265,1.944443629286484,3.3933114051490394,17.900910139083862
3266,1.9382626907797147,3.2776629671809943,17.905818939208984
3267,1.9320874433564303,3.390181119799728,17.912456274032593
3268,1.9259179646346483,3.274588431846492,17.917394876480103
3269,1.9197543513046293,3.3869519037333458,17.92280650138855
3270,1.9135966821389827,3.2714175211514798,17.927727222442627
3271,1.9074450550796145,3.383622155116313,17.932568788528442
3272,1.9012995500040621,3.268148707928183,17.937471628189087
3273,1.8951602660504645,3.380190315134304,17.944212913513184
3274,1.8890272841492335,3.264780507789516,17.95080804824829
3275,1.882900704576747,3.3766548704631303,17.95604658126831
3276,1.8767806092619415,3.261311481482547,17.960907459259033
3277,1.8706670995589638,3.3730143556675007,17.96574640274048
3278,1.864560258338717,3.257740237168118,17.970686674118042
3279,1.8584601879702696,3.3692673555192,17.976415872573853
3280,1.8523669722078218,3.2540654326196736,17.98133635520935
3281,1.8462807143702569,3.3654125072330032,17.986319065093994
3282,1.8402014990343976,3.2502857773409923,17.991158723831177
3283,1.8341294304016849,3.36144850261106,17.995948553085327
3284,1.8280645938089923,3.246400034594952,18.000935077667236
3285,1.822007094271037,3.3573740900978257,18.007812976837158
3286,1.8159570178203845,3.2424070233417113,18.01278018951416
3287,1.8099144702138477,3.353188076738118,18.017696142196655
3288,1.8038795381136565,3.238305620082595,18.0225932598114
3289,1.7978523279457705,3.348889330035187,18.027384281158447
3290,1.7918329269345068,3.2340947606066086,18.03219246864319
3291,1.7858214421003848,3.344476779707715,18.037687301635742
3292,1.7798179611608091,3.2297734416379913,18.042927265167236
3293,1.7738225916547734,3.3399494193425987,18.049367904663086
3294,1.7678354217224708,3.2253407223814334,18.054385662078857
3295,1.7618565593439244,3.3353063079415737,18.059181690216064
3296,1.7558860930106437,3.220795725962746,18.06395983695984
3297,1.7499241310650189,3.330546571359023,18.069457292556763
3298,1.743970762277367,3.216137640767698,18.074999809265137
3299,1.7380260952727065,3.3256694036322267,18.07979989051819
3300,1.7320902190267429,3.2113657216712364,18.08467721939087
3301,1.7261632423664555,3.3206740682000637,18.089561939239502
3302,1.7202452543987428,3.2064792911629447,18.094327688217163
3303,1.7143363640710931,3.3155598990123654,18.099141597747803
3304,1.708436660546762,3.2014777403639485,18.10534954071045
3305,1.702546252811651,3.3103263015266737,18.11033058166504
3306,1.6966652300100296,3.196360529938267,18.115143299102783
3307,1.6907937010836251,3.304972753597183,18.120078086853027
3308,1.6849317550820004,3.191127190894468,18.12488865852356
3309,1.679079500819772,3.2994988062506536,18.129691123962402
3310,1.6732370271758343,3.185777325284434,18.136597156524658
3311,1.6674044427545502,3.2939040843538607,18.1416175365448
3312,1.661581836188073,3.180310606794213,18.146500825881958
3313,1.6557693157873057,3.2881882871707924,18.15289831161499
3314,1.6499669698616113,3.174726781230755,18.157840251922607
3315,1.644174906345305,3.282351188814949,18.162601947784424
3316,1.6383932131490582,3.169025666904895,18.168432474136353
3317,1.6326219977476866,3.2763926385916298,18.17373752593994
3318,1.6268613475775486,3.163207154913137,18.178579807281494
3319,1.6211113695714048,3.2703125612374273,18.18341636657715
3320,1.6153721506160814,3.157271209317527,18.18832540512085
3321,1.609643797020214,3.2641109570555726,18.193284034729004
3322,1.6039263950464053,3.1512178672261473,18.200177431106567
3323,1.5982200502977162,3.2577879019495017,18.20552706718445
3324,1.5925248483384835,3.145047238778364,18.21045207977295
3325,1.5868408939854932,3.2513435473572874,18.21527647972107
3326,1.5811682720315359,3.138759507032365,18.22016668319702
3327,1.5755070864272975,3.244778120087061,18.224924325942993
3328,1.569857421121624,3.1323549277607854,18.231594800949097
3329,1.5642193791202712,3.2380919220591613,18.23669934272766
3330,1.5585930434567357,3.1258338291536183,18.24172019958496
3331,1.5529785161141254,3.231285329951366,18.24663758277893
3332,1.547375879140283,3.1191966114332117,18.25151014328003
3333,1.5417852334191846,3.224358794755724,18.258084297180176
3334,1.5362066599439193,3.1124437463813277,18.263915538787842
3335,1.5306402584241845,3.217312841244554,18.268912076950073
3336,1.5250861087305254,3.1055757767810785,18.274066925048828
3337,1.5195443093246639,3.2101480673506906,18.27886962890625
3338,1.5140149388882147,3.0985933157763164,18.283732891082764
3339,1.508498094562775,3.2028651434619415,18.28865909576416
3340,1.5029938537761458,3.091497046150953,18.295362949371338
3341,1.4975023122793014,3.195464811634479,18.300286293029785
3342,1.492023546182932,3.0842877195283416,18.305421352386475
3343,1.4865576497786348,3.1879478847259684,18.310616731643677
3344,1.4811046977983717,3.0769661554967893,18.315481185913086
3345,1.4756647830074412,3.180315245449884,18.320378303527832
3346,1.4702379786992168,3.06953324065914,18.32705283164978
3347,1.4648243760476984,3.1725678453568555,18.331993103027344
3348,1.4594240468496507,3.0619899276117795,18.336976289749146
3349,1.454037080624773,3.164706703740247,18.342090368270874
3350,1.448663547617111,3.054337233853166,18.3469455242157
3351,1.4433035356311437,3.1567329064732648,18.351873636245728
3352,1.437957113304067,3.0465762406265977,18.35944414138794
3353,1.432624366666373,3.148647604775363,18.36439347267151
3354,1.4273053626963237,3.0387080916970226,18.369359970092773
3355,1.4220001855938746,3.1404520139143215,18.37422204017639
3356,1.4167089006283806,3.0307339920637166,18.37902021408081
3357,1.4114315901149932,3.1321474118432593,18.383821725845337
3358,1.406168317566352,3.0226552066145094,18.390767335891724
3359,1.40091916336088,3.123735137776487,18.395732402801514
3360,1.3956841892089102,3.014473058719814,18.400606155395508
3361,1.39046347350261,3.1152165907050913,18.40550923347473
3362,1.3852570761066834,3.0061889287718557,18.410608291625977
3363,1.3800650733799582,3.1065932278561976,18.41542887687683
3364,1.3748875233004956,2.997804252666921,18.422302722930908
3365,1.3697245001491951,3.0978665630979143,18.427241325378418
3366,1.3645760599788122,2.989320520239995,18.432090759277344
3367,1.3594422749502577,3.0890381652896473,18.43703293800354
3368,1.354323199154704,2.980739273645945,18.44184637069702
3369,1.349218902593583,3.0801096565847272,18.446743726730347
3370,1.3441294373626202,2.9720621056952714,18.453397035598755
3371,1.339054871266876,3.071082710683974,18.460146188735962
3372,1.3339952543752112,2.9632906581447442,18.46505308151245
3373,1.3289506522620447,3.0619590510439147,18.47006058692932
3374,1.3239211129404156,2.954426619945285,18.474865198135376
3375,1.318906699722483,3.0527404490430876,18.47967529296875
3376,1.3139074585389872,2.945471725449425,18.48656964302063
3377,1.3089234504108698,3.0434287221066074,18.491581201553345
3378,1.3039547191625918,2.936427752581935,18.49639868736267
3379,1.2990013234975948,3.034025731794273,18.501451015472412
3380,1.29406330511258,2.9272965209737474,18.506316900253296
3381,1.289140720369893,3.0245333818533706,18.511409282684326
3382,1.2842336088194988,2.918079890064756,18.517868757247925
3383,1.2793420244617375,3.014953616238725,18.523113250732422
3384,1.2744660046833673,2.908779757176062,18.527989387512207
3385,1.2696056011044967,3.005288417102887,18.532864809036255
3386,1.2647608489347069,2.899398055554584,18.537891387939453
3387,1.2599317973983286,2.9955398027615545,18.542725324630737
3388,1.255118479516284,2.8899367523939454,18.549422025680542
3389,1.2503209421042496,2.985709825631339,18.554911375045776
3390,1.2455392159854815,2.8803978468332394,18.56143069267273
3391,1.2407733455567764,2.9758005701506325,18.566368103027344
3392,1.2360233594371786,2.870783367937012,18.57128643989563
3393,1.2312892995970124,2.96581415067958,18.576104164123535
3394,1.2265711924469966,2.861095372659522,18.581324338912964
3395,1.2218690775260002,2.9557527093868075,18.58642268180847
3396,1.2171829790347135,2.851335943795446,18.591418743133545
3397,1.2125129340781458,2.9456184141237687,18.596180200576782
3398,1.207858964647634,2.8415071879222706,18.601059675216675
3399,1.2032211054144715,2.935413456290775,18.605957984924316
3400,1.1985993761636586,2.8316112333338412,18.612586736679077
3401,1.1939938091354279,2.9251400486967536,18.61794400215149
3402,1.1894044219137656,2.8216502279721247,18.623233795166016
3403,1.1848312443129654,2.9148004234182237,18.6280837059021
3404,1.1802742917235862,2.8116263373570574,18.63292098045349
3405,1.17573359154153,2.904396829658059,18.63787269592285
3406,1.1712091569737288,2.801541742519825,18.64451503753662
3407,1.1667010130076156,2.89393153160906,18.649577617645264
3408,1.1622091706784663,2.7913986379412576,18.654762029647827
3409,1.1577336525774875,2.883406806325288,18.661198616027832
3410,1.1532744675823845,2.7811992294999333,18.66612458229065
3411,1.1488316359026487,2.872824941604412,18.67106866836548
3412,1.1444051642745567,2.7709457324308255,18.676798343658447
3413,1.1399950705426034,2.862188233883335,18.681825637817383
3414,1.1356013593197785,2.7606403693017243,18.686764240264893
3415,1.1312240461044434,2.8514989861517828,18.691574096679688
3416,1.126863133406381,2.7502853680049757,18.696348428726196
3417,1.1225186343987614,2.8407595058868536,18.701131105422974
3418,1.1181905495101137,2.739882959773105,18.70799446105957
3419,1.1138788896113667,2.8299721030094727,18.712970972061157
3420,1.1095836530735566,2.729435377217225,18.71837568283081
3421,1.1053048484902641,2.8191390878703806,18.723278284072876
3422,1.1010424722005259,2.7189448523932076,18.728069305419922
3423,1.0967965305473322,2.808262769263236,18.73287534713745
3424,1.0925670178648828,2.708413614898565,18.739758014678955
3425,1.0883539382741252,2.7973454524723635,18.74475598335266
3426,1.0841572841331752,2.6978438900018777,18.749746322631836
3427,1.079977057371198,2.7863894373544307,18.754659175872803
3428,1.075813248400497,2.6872378968078166,18.759466648101807
3429,1.0716658569903477,2.7753970164603814,18.765856742858887
3430,1.0675348716389528,2.6765978464609192,18.771889209747314
3431,1.0634202899891443,2.7643704731961445,18.776845455169678
3432,1.0593220986580996,2.6659259403900446,18.781739711761475
3433,1.0552402931971236,2.7533120800292,18.786715030670166
3434,1.0511748583767264,2.6552243685956416,18.79153347015381
3435,1.04712578769299,2.7422240967387195,18.796339511871338
3436,1.0430930641053204,2.644495307983152,18.803203582763672
3437,1.0390766790921835,2.7311087687152344,18.80825161933899
3438,1.0350766138385725,2.6337409207438545,18.813106298446655
3439,1.0310928578441596,2.7199683253107287,18.818050384521484
3440,1.0271253905572593,2.622963352784262,18.82343316078186
3441,1.0231741995387085,2.70880497823987,18.828247785568237
3442,1.019239262538842,2.612164732208336,18.835073232650757
3443,1.0153205652206663,2.6976209200358467,18.840232610702515
3444,1.0114180836761206,2.601347167851978,18.845504999160767
3445,1.0075318017123487,2.6864183225625156,18.850523471832275
3446,1.0036616938032807,2.5905127478716827,18.8554208278656
3447,0.999807741943044,2.675199335582151,18.860271215438843
3448,0.9959699190286742,2.5796635383908617,18.86767339706421
3449,0.99214820528492,2.663966085383833,18.872870445251465
3450,0.9883425720736808,2.568801582200098,18.877744436264038
3451,0.9845529978946759,2.6527206734694455,18.882636785507202
3452,0.9807794526169954,2.557928897519047,18.887718439102173
3453,0.9770219130603073,2.6414651753016822,18.892516613006592
3454,0.9732803476437091,2.547047476815192,18.89930033683777
3455,0.969554731552339,2.6302016391121508,18.924823999404907
3456,0.9658450317985374,2.5361592856833375,18.93204426765442
3457,0.9621512219789008,2.618932084774001,18.937986135482788
3458,0.9584732677425862,2.5252662617840897,18.94300937652588
3459,0.9548111411440234,2.6076585027337935,18.948137760162354
3460,0.9511648065130308,2.5143703138452156,18.953202724456787
3461,0.9475342344085569,2.5963828530096964,18.958188772201538
3462,0.9439193878851216,2.5034733207208895,18.966076850891113
3463,0.9403202360531101,2.585107064249583,18.971583127975464
3464,0.9367367407359171,2.4925771305154454,18.976592302322388
3465,0.9331688696424427,2.5738330328544374,18.981609106063843
3466,0.9296165834091885,2.4816835597647393,18.986604928970337
3467,0.9260798483907394,2.56256262216393,18.994122743606567
3468,0.9225586240809329,2.4707943926796827,18.99909496307373
3469,0.919052875527227,2.551297661704295,19.004750967025757
3470,0.9155625611249588,2.459911380450423,19.00985360145569
3471,0.9120876446616011,2.5400399464984,19.014856338500977
3472,0.9086280834780273,2.4490362406088595,19.01991081237793
3473,0.9051838401487557,2.5287912364375327,19.028180360794067
3474,0.9017548710040468,2.4381706564518177,19.033148527145386
3475,0.8983411374523227,2.5175532557138793,19.038302898406982
3476,0.8949425948568408,2.4273162765214593,19.05787467956543
3477,0.8915592035065505,2.506327692312896,19.06273341178894
3478,0.888190917841023,2.4164747141434537,19.06813144683838
3479,0.8848376970760681,2.4951161975636973,19.07406711578369
3480,0.881499494770541,2.4056475470222294,19.07878017425537
3481,0.8781762691131036,2.4839203857499346,19.083458185195923
3482,0.8748679728244723,2.394836316890255,19.090577840805054
3483,0.871574563111752,2.4727418337739433,19.09548568725586
3484,0.868295991899658,2.38404252921263,19.100276708602905
3485,0.8650322154588876,2.4615820808784026,19.105087757110596
3486,0.8617831849598103,2.373267652943973,19.10984754562378
3487,0.8585488557813726,2.4504426284226524,19.114587783813477
3488,0.8553291783807287,2.362513120337089,19.119943857192993
3489,0.8521241072891963,2.4393249397084515,19.125213623046875
3490,0.8489335922912853,2.3517803268014923,19.130555629730225
3491,0.84575758711423,2.4282304398602568,19.135459423065186
3492,0.8425960409098698,2.341070630810506,19.140262365341187
3493,0.839448906644287,2.417160515753027,19.14503049850464
3494,0.836316132875994,2.3303853538554877,19.150031805038452
3495,0.8331976718522053,2.4061165159879185,19.15545344352722
3496,0.8300934715767887,2.319725780445189,19.160308122634888
3497,0.8270034836196904,2.39509975091489,19.16517400741577
3498,0.823927655468131,2.3090931581495022,19.170111894607544
3499,0.8208659380556755,2.3841114926982576,19.176573991775513
3500,0.8178182783901791,2.2984886976839523,19.184016466140747
3501,0.8147846268089745,2.3731529754274394,19.18932557106018
3502,0.8117649298770961,2.2879135730357443,19.194206476211548
3503,0.8087591373750274,2.362225395264381,19.200153589248657
3504,0.8057671954607706,2.2773689216277946,19.205060958862305
3505,0.8027890533965556,2.351329910635004,19.20989990234375
3506,0.799824656968365,2.2668558445193066,19.216681241989136
3507,0.7968739549579625,2.340467642453261,19.222002029418945
3508,0.7939368928135319,2.2563754066420096,19.22685194015503
3509,0.7910134188733333,2.329639674383683,19.231981992721558
3510,0.7881034782811649,2.245928637068744,19.236937761306763
3511,0.785207018967906,2.3188470531351917,19.24178957939148
3512,0.7823239858055665,2.235516529315341,19.249217987060547
3513,0.7794543263529098,2.3080907887882076,19.25453495979309
3514,0.7765979852419274,2.225140041669482,19.259434700012207
3515,0.7737549096936684,2.2973718551506526,19.264289140701294
3516,0.770925044131038,2.214800097549402,19.269273042678833
3517,0.7681083354708989,2.286691190142957,19.2740695476532
3518,0.7653047279571601,2.2044975858890656,19.2857882976532
3519,0.7625141682351428,2.276049696207262,19.29200792312622
3520,0.7597366003990047,2.194233361545991,19.297067642211914
3521,0.7569719708542837,2.2654482407442127,19.30218505859375
3522,0.7542202235737808,2.184008245733982,19.30891704559326
3523,0.7514813047541176,2.2548876565687297,19.314215898513794
3524,0.7487551582742846,2.1738230264757705,19.31930685043335
3525,0.7460417301519631,2.2443687423913232,19.324445486068726
3526,0.7433409641990267,2.163678459075189,19.32939386367798
3527,0.7406528062833002,2.2338922633138485,19.334774255752563
3528,0.7379772001753884,2.153575266608316,19.342446088790894
3529,0.7353140916214509,2.2234589513472947,19.34776782989502
3530,0.7326634243758277,2.143514140429554,19.35295581817627
3531,0.7300251440903172,2.21306950594344,19.358110189437866
3532,0.7273991945271578,2.133495740693656,19.363088369369507
3533,0.724785521270207,2.2027245945411926,19.368218660354614
3534,0.7221840681129319,2.1235206968909712,19.377233266830444
3535,0.719594780596791,2.1924248531276724,19.383603811264038
3536,0.7170176025689824,2.1135896083940673,19.388627767562866
3537,0.714452479553237,2.1821708868088026,19.393585920333862
3538,0.7118993554721675,2.1037030450161436,19.398542881011963
3539,0.7093581758555847,2.1719632703918235,19.406158208847046
3540,0.7068288847223898,2.0938615475772693,19.411519765853882
3541,0.7043114276314264,2.1618025489764285,19.416598796844482
3542,0.7018057487179578,2.0840656284798444,19.421637296676636
3543,0.6993117935919687,2.1516892385523545,19.42657446861267
3544,0.6968295065243699,2.074315772290582,19.43152618408203
3545,0.6943588331975623,2.141623826605629,19.441389560699463
3546,0.6918997180366098,2.0646124363271565,19.446924209594727
3547,0.6894521068167826,2.1316067727279076,19.452593326568604
3548,0.6870159441350397,2.05495605125051,19.457606554031372
3549,0.6845911758791634,2.1216385092308894,19.462555646896362
3550,0.6821777468349963,2.045347021659856,19.470194578170776
3551,0.6797756030216794,2.1117194417637823,19.475504398345947
3552,0.6773846894301887,2.0357857266904538,19.480383157730103
3553,0.6750049522290875,2.1018499499318035,19.487120389938354
3554,0.6726363366300099,2.026272520612897,19.491881370544434
3555,0.6702787889682364,2.092030387916624,19.496609926223755
3556,0.6679322546908714,2.0168077334311802,19.509744882583618
3557,0.665596680316455,2.0822610850965795,19.524962425231934
3558,0.6632720115416787,2.0073916714829787,19.530952215194702
3559,0.6609581950841446,2.072542346665518,19.543548822402954
3560,0.6586551769035671,1.998024618036604,19.548879861831665
3561,0.656362903931691,2.062874454250461,19.554429054260254
3562,0.6540813224040227,1.988706833886875,19.559792280197144
3563,0.6518103794808215,2.053257666526347,19.56783676147461
3564,0.6495500216855068,1.9794385579476172,19.57334876060486
3565,0.6473001964205333,2.043692219827992,19.580997467041016
3566,0.6450608505087183,1.9702200078415686,19.59593152999878
3567,0.6428319316077196,2.0341783287573985,19.60505437850952
3568,0.6406133868506187,1.9610513804846639,19.616995811462402
3569,0.6384051641626244,2.024716186787538,19.623233318328857
3570,0.6362072109973478,1.9519328526676305,19.63231325149536
3571,0.634019475559255,2.0153059668594344,19.638279676437378
3572,0.6318419056321654,1.9428645816300303,19.64342164993286
3573,0.6296744497108838,2.005947821975406,19.648373126983643
3574,0.6275170559185459,1.933846705630161,19.65352463722229
3575,0.6253696730507703,1.99664188578446,19.66030502319336
3576,0.6232322495785624,1.9248793445085597,19.665584802627563
3577,0.6211047346082363,1.9873882731611687,19.671038150787354
3578,0.6189870769666841,1.915962600242727,19.676063776016235
3579,0.6168792260802234,1.9781870807783344,19.681079149246216
3580,0.6147811311391274,1.9070965574982575,19.686161518096924
3581,0.6126927418984669,1.9690383876711532,19.695753812789917
3582,0.6106140079188859,1.8982812841692522,19.70087742805481
3583,0.6085448792924165,1.9599422557934036,19.706233263015747
3584,0.6064853059565715,1.8895168319122164,19.71118998527527
3585,0.6044352383480291,1.9508987305663787,19.716177463531494
3586,0.6023946267871954,1.8808032366723484,19.723580360412598
3587,0.6003634220625698,1.9419078414175053,19.72875452041626
3588,0.5983415748830171,1.872140519200066,19.733762502670288
3589,0.596329036395542,1.9329696023122491,19.739133596420288
3590,0.5943257577025904,1.8635286855599846,19.744001388549805
3591,0.5923316903158791,1.9240840122751788,19.748969078063965
3592,0.5903467857361289,1.8549677276304801,19.75697088241577
3593,0.5883709958455154,1.9152510559028026,19.762290954589844
3594,0.5864042725473155,1.846457623594498,19.76739811897278
3595,0.5844465680994656,1.9064707038658362,19.772353410720825
3596,0.5824978348116805,1.8379983384209917,19.77720308303833
3597,0.5805580253225309,1.8977429134037658,19.782252073287964
3598,0.5786270923516668,1.829589824336964,19.792288303375244
3599,0.5767049889227528,1.8890676288080643,19.797258853912354
3600,0.574791668168501,1.8212320212900197,19.80215620994568
3601,0.5728870835017296,1.8804447818957601,19.806918621063232
3602,0.570991188470985,1.8129248574019683,19.811668395996094
3603,0.5691039368819133,1.8718742924737297,19.816404581069946
3604,0.5672252827013248,1.8046682494120576,19.82200312614441
3605,0.5653551801309987,1.8633560687927382,19.826946258544922
3606,0.5634935835581093,1.7964621031108667,19.83175015449524
3607,0.5616404475835173,1.8548900079917068,19.836715936660767
3608,0.5597957270165445,1.7883063137644395,19.84148406982422
3609,0.5579593768597397,1.8464759965311432,19.846336603164673
3610,0.5561313523460536,1.780200766529138,19.85172724723816
3611,0.5543116088820004,1.8381139106180626,19.856953382492065
3612,0.5525001021253497,1.772145336856345,19.86178994178772
3613,0.550696787888542,1.8298036166185663,19.866891622543335
3614,0.5489016222550781,1.7641398908879855,19.87173581123352
3615,0.5471145614449834,1.821544971463511,19.876526594161987
3616,0.5453355619681354,1.756184285841398,19.88126254081726
3617,0.5435645804535113,1.8133378230412467,19.8868989944458
3618,0.5418015738377556,1.7482783703860412,19.891809225082397
3619,0.540046499159888,1.8051820105829994,19.8982150554657
3620,0.5382993137834662,1.7404219850097524,19.903133153915405
3621,0.5365599751583751,1.797077365036142,19.907957553863525
3622,0.5348284410749999,1.732614962375806,19.912725925445557
3623,0.5331046693946593,1.7890237094298458,19.91832995414734
3624,0.5313886183342578,1.724857127670278,19.923375606536865
3625,0.5296802461668724,1.7810208592298138,19.928166389465332
3626,0.5279795115354073,1.71714829894132,19.933058500289917
3627,0.5262863731247904,1.773068622683045,19.937977075576782
3628,0.5246007900032044,1.7094882874276547,19.94271993637085
3629,0.5229227212672981,1.7651668011554065,19.949657201766968
3630,0.5212521264096195,1.7018768978792294,19.955163955688477
3631,0.5195889649381975,1.7573151894565602,19.959984302520752
3632,0.5179331967688496,1.6943139288682356,19.96486520767212
3633,0.5162847818204419,1.7495135761594256,19.969822883605957
3634,0.5146436804307924,1.6867991730914595,19.97463083267212
3635,0.5130098529288706,1.74176174390758,19.981210470199585
3636,0.511383260073062,1.6793324176642266,19.987253189086914
3637,0.5097638626015212,1.7340594697142133,19.992194414138794
3638,0.5081516216916135,1.671913444406063,19.998703479766846
3639,0.5065464984895882,1.7264065252545608,20.00365924835205
3640,0.5049484545900538,1.6645420301160527,20.008426427841187
3641,0.5033574515460999,1.7188026771466658,20.013827085494995
3642,0.5017734513677018,1.6572179468426542,20.019105672836304
3643,0.5001964160133799,1.7112476872257134,20.02405047416687
3644,0.4986263079064689,1.649940962143359,20.02884340286255
3645,0.4970630894093604,1.7037413128090493,20.034003973007202
3646,0.49550672335661805,1.642710839337306,20.03904938697815
3647,0.49395717251280674,1.696283306953002,20.04468607902527
3648,0.4924144001214704,1.6355273377496664,20.04973077774048
3649,0.4908783693475176,1.688873418702194,20.055399894714355
3650,0.4893490438411141,1.6283902129482002,20.060226678848267
3651,0.4878263871655569,1.6815113933310002,20.0651376247406
3652,0.4863103633751731,1.6212992169728035,20.070053339004517
3653,0.484800936429576,1.674196972576615,20.07670569419861
3654,0.4832980707846958,1.6142540985573701,20.081937551498413
3655,0.48180173079427957,1.6669298948645324,20.087305307388306
3656,0.4803118813132114,1.607254603344137,20.09221124649048
3657,0.4788284870870865,1.6597098955280882,20.098585844039917
3658,0.47735151336700976,1.60030047409152,20.10352921485901
3659,0.47588092528804,1.652536707018654,20.10930871963501
3660,0.4744166884946924,1.5933914508748261,20.11435055732727
3661,0.4729587685090135,1.6454100591106187,20.11931586265564
3662,0.4715071313660435,1.5865272712798972,20.12409520149231
3663,0.4700617429722571,1.6383296790978679,20.128899097442627
3664,0.468622569750266,1.5797076705905437,20.13365077972412
3665,0.46718957798833327,1.6312952919850245,20.14107060432434
3666,0.46576273449362715,1.5729323819696635,20.14610528945923
3667,0.4643420059334844,1.624306620670763,20.151140689849854
3668,0.46292735949655645,1.5662011366331736,20.156073808670044
3669,0.4615187622264705,1.617363386125628,20.16091823577881
3670,0.46011618169023544,1.5595136640191907,20.16581630706787
3671,0.45871958530492213,1.6104653075635786,20.173152923583984
3672,0.45732894101272104,1.552869691949598,20.178167581558228
3673,0.4559442166012416,1.6036121026064212,20.183421850204468
3674,0.45456538038463645,1.5462689467876605,20.188329935073853
3675,0.4531924005180933,1.5968034874429287,20.19317054748535
3676,0.45182524568446814,1.539711153588325,20.199646711349487
3677,0.45046388440351676,1.5900391769831537,20.205369472503662
3678,0.44910828572350325,1.5331960362440362,20.21030354499817
3679,0.44775841852569576,1.58331888500519,20.21530055999756
3680,0.44641425222043785,1.5267233176238812,20.220210552215576
3681,0.4450757560474141,1.5766423242979588,20.224989414215088
3682,0.44374289977569104,1.520292719709699,20.229741096496582
3683,0.44241565300023467,1.5700092067974516,20.23647451400757
3684,0.4410939858454528,1.513903963724776,20.24147939682007
3685,0.4397778682584248,1.563419243719084,20.24629831314087
3686,0.4384672707154956,1.5075567702589514,20.251437664031982
3687,0.4371621635126597,1.5568721456841137,20.25635290145874
3688,0.435862517474776,1.5012508593884537,20.261150121688843
3689,0.4345683032435289,1.550367622840633,20.267892122268677
3690,0.43327949198885324,1.4949859507911838,20.27291464805603
3691,0.43199605469487534,1.5439053849819593,20.277703762054443
3692,0.430717962873153,1.488761763857487,20.282874584197998
3693,0.4294451878469855,1.537485141657023,20.28779888153076
3694,0.42817770146609246,1.4825780177963075,20.292629718780518
3695,0.42691547538965957,1.531106602279863,20.29889225959778
3696,0.42565848180209875,1.4764344317371714,20.306047677993774
3697,0.42440669269518116,1.5247694762320143,20.310845375061035
3698,0.4231600805845365,1.4703307248282595,20.315845727920532
3699,0.4219186177912085,1.5184734729623082,20.320739269256592
3700,0.4206822771585666,1.4642666163295688,20.32549786567688
3701,0.4194510313336056,1.51221830208098,20.331751823425293
3702,0.41822485348395677,1.45824182570396,20.337328910827637
3703,0.41700371657923696,1.5060036734519204,20.34214448928833
3704,0.41578759410786215,1.4522560727019904,20.34709596633911
3705,0.41457645935873827,1.4998292972789373,20.352054119110107
3706,0.4133702861375932,1.4463090774450147,20.356971502304077
3707,0.41216904804928567,1.4936948841899367,20.363154411315918
3708,0.4109727192133881,1.4404005605038714,20.368507623672485
3709,0.4097812735473768,1.4876001453162946,20.373459100723267
3710,0.40859468548120703,1.4345302429742528,20.378289461135864
3711,0.40741292924163935,1.481544792369351,20.38336682319641
3712,0.4062359795655605,1.4286978465489972,20.388229608535767
3713,0.4050638109856841,1.475528537712663,20.394484996795654
3714,0.4038963985423884,1.4229030935868463,20.39964747428894
3715,0.402733717071015,1.4695510944328871,20.406431913375854
3716,0.40157574191200385,1.4171457071775955,20.411367177963257
3717,0.4004224482000077,1.4636121764051424,20.416444063186646
3718,0.39927381157211234,1.4114254112056555,20.423718690872192
3719,0.39812980745897275,1.4577114983565074,20.428732872009277
3720,0.39699041179092015,1.405741930408871,20.433831453323364
3721,0.3958556002913127,1.4518487759271488,20.438896417617798
3722,0.39472534918034213,1.4000949904358624,20.44373917579651
3723,0.39359963447078383,1.4460237257267647,20.448726654052734
3724,0.39247843266932214,1.3944843179003408,20.45618987083435
3725,0.3913617200748757,1.4402360653895647,20.461378574371338
3726,0.3902494734772731,1.3889096404325187,20.466472625732422
3727,0.389141669458316,1.4344855136267145,20.471352577209473
3728,0.3880382850876476,1.3833706867274131,20.476119995117188
3729,0.38693929722670906,1.4287717902748638,20.48088765144348
3730,0.3858446832216488,1.3778671865922618,20.487011671066284
3731,0.38475442021032036,1.4230946163442673,20.492259979248047
3732,0.383668485812089,1.3723988709894561,20.497227907180786
3733,0.38258685743801135,1.4174537140617394,20.50215983390808
3734,0.38150951297740404,1.3669654720798032,20.50844430923462
3735,0.3804364301113356,1.411848806913523,20.513301372528076
3736,0.37936758699583073,1.3615667232608162,20.519927740097046
3737,0.3783029615787986,1.4062796196846794,20.524982929229736
3738,0.3772425322797535,1.3562023592045356,20.529961824417114
3739,0.3761862773102941,1.4007458784973927,20.535050868988037
3740,0.3751341753502294,1.3508721158927308,20.54003119468689
3741,0.37408620487171773,1.3952473108459547,20.544878482818604
3742,0.37304234481169307,1.3455757306502591,20.551501989364624
3743,0.3720025738997661,1.389783645630355,20.556670427322388
3744,0.37096687132685174,1.3403129421766211,20.56153130531311
3745,0.36993521607692736,1.3843546131876072,20.566656351089478
3746,0.36890758759177067,1.3350834905749598,20.571597814559937
3747,0.3678839651066643,1.3789599453215777,20.576422452926636
3748,0.36686432831115745,1.32988711738011,20.582719326019287
3749,0.36584865668880057,1.3735993753312563,20.58827042579651
3750,0.36483693017384944,1.3247235655849243,20.593077898025513
3751,0.3638291284951086,1.3682726380353185,20.598193168640137
3752,0.36282523182850374,1.3195925796638235,20.603108406066895
3753,0.36182522014510526,1.362979469798079,20.609381914138794
3754,0.3608290738594997,1.3144939055962541,20.61590838432312
3755,0.35983677318205975,1.3577196085510426,20.621437311172485
3756,0.3588482987630519,1.3094272908873417,20.626338720321655
3757,0.35786363104921437,1.3524927938152367,20.631314516067505
3758,0.3568827509235408,1.3043924845877528,20.636242628097534
3759,0.3559056390662236,1.3472987667195284,20.64105534553528
3760,0.35493227659005966,1.2993892373118734,20.647544622421265
3761,0.3539626444058112,1.3421372700198142,20.653210163116455
3762,0.3529967238531832,1.2944173012546127,20.65818977355957
3763,0.3520344960706502,1.3370080481153603,20.66311502456665
3764,0.35107594262195935,1.2894764302074087,20.668057441711426
3765,0.35012104487046664,1.3319108470639711,20.67297887802124
3766,0.34916978460112513,1.284566379572337,20.6794650554657
3767,0.3482221433993688,1.3268454145968953,20.684951066970825
3768,0.34727810326854897,1.2796869063743181,20.69001317024231
3769,0.3463376460134023,1.3218115001309028,20.694808959960938
3770,0.3454007538529007,1.274837769274377,20.699930667877197
3771,0.34446740880833526,1.3168088547809755,20.704793691635132
3772,0.3435375933115502,1.270018728579002,20.712789297103882
3773,0.3426112895976712,1.3118372313696507,20.718320846557617
3774,0.3416884803086963,1.2652295462511816,20.723302364349365
3775,0.3407691478908935,1.3068963844375046,20.728052854537964
3776,0.33985327519372593,1.260469985918002,20.73310089111328
3777,0.33894084487193976,1.301986070250851,20.73801326751709
3778,0.3380318399798041,1.255739812878643,20.744161367416382
3779,0.3371262433779079,1.297106046810053,20.749099254608154
3780,0.33622403832269626,1.2510387941107293,20.754442930221558
3781,0.33532520787799314,1.292256073854714,20.759357929229736
3782,0.33442973549982047,1.2463666982766513,20.764386415481567
3783,0.33353760445265795,1.2874359128701616,20.769384145736694
3784,0.33264879838953376,1.2417232957280269,20.776090383529663
3785,0.33176330077303273,1.2826453270916198,20.78117084503174
3786,0.33088109545064875,1.2371083585096718,20.786346435546875
3787,0.3300021660805485,1.277884081507764,20.79117465019226
3788,0.32912649670218114,1.2325216603630906,20.795944690704346
3789,0.32825407116680105,1.27315194286437,20.80073380470276
3790,0.32738487370333014,1.2279629767283846,20.80747628211975
3791,0.3265188883536446,1.2684486796654397,20.813974380493164
3792,0.3256560995336874,1.2234320847466178,20.818999767303467
3793,0.3247964914735182,1.2637740621756384,20.823790550231934
3794,0.3239400487736772,1.2189287632600256,20.828571796417236
3795,0.3230867558499982,1.259127862419864,20.836292505264282
3796,0.32223659748522515,1.2144527928132272,20.841620445251465
3797,0.3213895582785833,1.2545098541839188,20.84711527824402
3798,0.32054562319265534,1.2100039556520301,20.852149724960327
3799,0.3197047770077044,1.2499198130137008,20.85700225830078
3800,0.31886700486381525,1.205582035722842,20.861823797225952
3801,0.3180322917199629,1.2453575162139507,20.868533611297607
3802,0.31720062289142664,1.2011868186708583,20.87367844581604
3803,0.3163719835135947,1.2408227428462608,20.878527641296387
3804,0.31554635907466133,1.1968180918380793,20.885016679763794
3805,0.3147237348841574,1.2363152737260292,20.889991760253906
3806,0.3139040966009416,1.1924756442610076,20.89475917816162
3807,0.3130874297064437,1.2318348914207438,20.90179944038391
3808,0.3122737200279636,1.1881592666665788,20.90679669380188
3809,0.31146295321661394,1.227381380245042,20.911601066589355
3810,0.31065511526594075,1.1838687514694008,20.9182186126709
3811,0.3098501919945507,1.2229545262575008,20.92301297187805
3812,0.3090481695600686,1.1796038927667094,20.927820444107056
3813,0.3082490339464327,1.2185541172556336,20.933698177337646
3814,0.30745277147320704,1.1753644863347306,20.938743352890015
3815,0.30665936828752594,1.2141799427711473,20.943568229675293
3816,0.3058688108687798,1.1711503296226213,20.948492765426636
3817,0.30508108552519064,1.209831794064794,20.953360557556152
3818,0.3042961788938895,1.1669612217478562,20.958229541778564
3819,0.30351407744210374,1.2055094641201345,20.964155912399292
3820,0.30273476796264626,1.1627969634901412,20.969907999038696
3821,0.30195823707969305,1.2012127476369674,20.975077152252197
3822,0.3011844717397072,1.1586573572852052,20.980262279510498
3823,0.30041345872178343,1.1969414410261967,20.985299825668335
3824,0.2996451851240285,1.1545422072180553,20.990139484405518
3825,0.298879637878451,1.1926953424008138,20.996724367141724
3826,0.29811680423282244,1.1504513190166379,21.00278067588806
3827,0.2973566712700865,1.1884742515711229,21.007752418518066
3828,0.296599226385725,1.146384500044137,21.012580156326294
3829,0.29584445681166316,1.1842779700350379,21.019284963607788
3830,0.2950923500891649,1.1423415592918236,21.024107456207275
3831,0.29434289359720867,1.1801063009717376,21.02980661392212
3832,0.2935960750209373,1.1383223073711264,21.035674810409546
3833,0.2928518818844789,1.1759590492319871,21.04080629348755
3834,0.29211030201497795,1.1343265565065945,21.045682668685913
3835,0.2913713230798329,1.1718360213310979,21.050663709640503
3836,0.2906349330463365,1.1303541205256638,21.055553436279297
3837,0.2899011197233036,1.1677370254402335,21.061081171035767
3838,0.289169871216347,1.1264048148523325,21.066251277923584
3839,0.2884411754738674,1.1636618713765685,21.071577310562134
3840,0.28771502073799327,1.1224784564966852,21.07651996612549
3841,0.28699139509490496,1.1596103705951022,21.08162760734558
3842,0.2862702869214674,1.1185748640478514,21.08652114868164
3843,0.2855516844398574,1.1555823361784554,21.092087745666504
3844,0.2848355761599201,1.1146938576633267,21.097020626068115
3845,0.2841219504380701,1.1515775828285622,21.102692365646362
3846,0.2834107959153997,1.1108352590601582,21.107664823532104
3847,0.2827021010808253,1.1475959268559954,21.112465381622314
3848,0.28199585470497757,1.1069988915059203,21.118998050689697
3849,0.2812920454075615,1.1436371861706878,21.12505030632019
3850,0.28059066208706007,1.1031845798088031,21.130270957946777
3851,0.2798916934922765,1.1397011802716304,21.153501749038696
3852,0.27919512864788276,1.0993921503077517,21.162389278411865
3853,0.27850095643011263,1.135787730236927,21.167328596115112
3854,0.2778091659881859,1.095621430862845,21.172313451766968
3855,0.27711974632412145,1.1318966587134869,21.177220344543457
3856,0.2764326867100683,1.0918722508451382,21.18245220184326
3857,0.27574797627220726,1.128027789906599,21.18929958343506
3858,0.2750656044040199,1.088144441126928,21.1941819190979
3859,0.27438556035424644,1.124180949568729,21.200653791427612
3860,0.27370783363612644,1.084437834070876,21.20619797706604
3861,0.2730324136193798,1.120355964990567,21.211063385009766
3862,0.2723592899354502,1.0807522635201976,21.21782374382019
3863,0.27168845207347836,1.1165526649886677,21.22442889213562
3864,0.27101988978157954,1.0770875647877023,21.229769945144653
3865,0.27035359266677705,1.1127708798954978,21.23484969139099
3866,0.2696895505923472,1.0734435746464281,21.23979663848877
3867,0.2690277532816785,1.1090104415480746,21.247599363327026
3868,0.26836819071171725,1.0698201313177398,21.253699779510498
3869,0.2677108527207205,1.1052711832774955,21.258715629577637
3870,0.26705572939783445,1.0662170744614181,21.2642240524292
3871,0.2664028106947083,1.1015529398975437,21.269287109375
3872,0.2657520868112383,1.0626342451651525,21.274298906326294
3873,0.2651035478110091,1.0978555476935759,21.28374481201172
3874,0.264457184003237,1.0590714859333688,21.288931846618652
3875,0.2638129855620053,1.094178844411576,21.29394245147705
3876,0.26317094290443993,1.0555286406763753,21.29925847053528
3877,0.2625310463137057,1.090522669246958,21.304261207580566
3878,0.26189328631344727,1.0520055546998497,21.312971115112305
3879,0.26125765329451334,1.0868868628337327,21.318893432617188
3880,0.26062413788569533,1.0485020746941927,21.325395107269287
3881,0.2599927305841468,1.0832712672321372,21.330883979797363
3882,0.25936342212245295,1.0450180487228484,21.335971355438232
3883,0.2587362031027124,1.0796757259185985,21.344658851623535
3884,0.25811106435997,1.0415533262121845,21.35035800933838
3885,0.2574879965999278,1.0761000837738548,21.355446815490723
3886,0.2568669907587749,1.0381077579403917,21.360291242599487
3887,0.25624803764449317,1.0725441870713666,21.365796327590942
3888,0.2556311282931184,1.0346811960263642,21.37436556816101
3889,0.2550162536136076,1.069007883466718,21.379778385162354
3890,0.25440340474056344,1.0312734939189059,21.385387182235718
3891,0.25379257268263106,1.0654910219859783,21.39041495323181
3892,0.2531837486717179,1.0278845063854296,21.395264148712158
3893,0.2525769238148874,1.0619934530142896,21.400622606277466
3894,0.25197208944010774,1.0245140895016926,21.409215211868286
3895,0.2513692367516085,1.0585150282842943,21.4143009185791
3896,0.25076835717219126,1.0211621006402618,21.41989517211914
3897,0.2501694420020171,1.0550556008661063,21.426862955093384
3898,0.24957248275751057,1.0178283984601464,21.432275772094727
3899,0.24897747083354596,1.0516150251540723,21.440969467163086
3900,0.2483843978389777,1.0145128428953059,21.446075677871704
3901,0.24779325526219204,1.0481931568571703,21.451838731765747
3902,0.2472040348032964,1.0112152951442435,21.456831216812134
3903,0.24661672804300394,1.0447898529869535,21.46180248260498
3904,0.24603132677151462,1.0079356176588947,21.47120428085327
3905,0.2454478226607003,1.041404971846459,21.476426601409912
3906,0.24486620758970873,1.0046736741339626,21.481817960739136
3907,0.24428647332041814,1.0380383730189378,21.486768007278442
3908,0.2437086118197955,1.001429329496044,21.491645097732544
3909,0.24313261493858868,1.0346899173570319,21.49658513069153
3910,0.24255847473047137,0.9982024498930233,21.505889654159546
3911,0.24198618313393985,1.0313594669714303,21.510873556137085
3912,0.24141573228827662,0.9949929026823919,21.51625347137451
3913,0.24084711421862126,1.0280468852197406,21.521124362945557
3914,0.24028032114878323,0.9918005564224456,21.526041269302368
3915,0.2397153451894546,1.0247520366952496,21.536659717559814
3916,0.23915217864790456,0.9886252808596586,21.541869163513184
3917,0.23859081371930252,1.021474787216479,21.547218799591064
3918,0.23803124279332497,0.9854669469193512,21.552255392074585
3919,0.23747345814855786,1.0182150038155517,21.557111978530884
3920,0.2369174522560475,0.9823254266944723,21.56584668159485
3921,0.23636321747675054,1.01497255472808,21.571292400360107
3922,0.23581074636205934,0.9792005934353074,21.576213359832764
3923,0.23526003135427004,1.0117473093815308,21.581573486328125
3924,0.2347110650841116,0.9760923215388647,21.586577892303467
3925,0.23416384007420216,1.0085391383848195,21.59145712852478
3926,0.2336183490336125,0.9730004865387106,21.600991010665894
3927,0.23307458456427899,1.0053479135172034,21.60609483718872
3928,0.23253253945263308,0.9699249650945141,21.610984563827515
3929,0.2319922063789401,1.002173507718443,21.616357803344727
3930,0.2314535782060238,0.9668656349814889,21.621334314346313
3931,0.23091664769150255,0.9990157950766282,21.63160800933838
3932,0.23038140777363825,0.9638223750804313,21.63735294342041
3933,0.22984785128643984,0.9958746508195087,21.64232039451599
3934,0.22931597124266612,0.9607950653672235,21.647555351257324
3935,0.22878576055176708,0.9927499513021392,21.652522087097168
3936,0.22825721230007048,0.9577835869030737,21.660879135131836
3937,0.22773031947153102,0.989641573997475,21.666646480560303
3938,0.2272050752251303,0.9547878218242268,21.671774864196777
3939,0.2266814726184045,0.9865493974860342,21.67669129371643
3940,0.2261595048820858,0.9518076533314709,21.682010889053345
3941,0.2256391651463815,0.9834733014451514,21.686956882476807
3942,0.22512044671288442,0.9488429656810209,21.695880889892578
3943,0.22460334278357447,0.9804131666386015,21.70159339904785
3944,0.2240878467300273,0.9458936441743286,21.70659589767456
3945,0.22357395182510958,0.9773688749065332,21.711522579193115
3946,0.22306165150951432,0.9429595751479981,21.716780424118042
3947,0.22255093912612095,0.9743403091554409,21.725982427597046
3948,0.22204180818388602,0.9400406459642774,21.731135368347168
3949,0.22153425209484018,0.9713273533482571,21.738391637802124
3950,0.2210282644353614,0.937136745001046,21.743398427963257
3951,0.22052383868578168,0.968329892494063,21.748810529708862
3952,0.22002096848906993,0.934247761642516,21.757620096206665
3953,0.2195196473930213,0.965347812638014,21.762912034988403
3954,0.21901986910637675,0.9313735862696562,21.768643379211426
3955,0.2185216272435676,0.9623810008521063,21.773749113082886
3956,0.21802491557829923,0.9285141102502469,21.779098510742188
3957,0.21752972779082386,0.9594293452247563,21.78723931312561
3958,0.21703605771901469,0.9256692259303717,21.792743682861328
3959,0.21654389910814043,0.9564927348514721,21.798176527023315
3960,0.2160532458594564,0.9228388266241491,21.80325722694397
3961,0.21556409178245428,0.9535710598245042,21.80821919441223
3962,0.21507643084099679,0.9200228066043087,21.813279390335083
3963,0.2145902569080163,0.9506642112245707,21.822606801986694
3964,0.21410556400921898,0.9172210610946299,21.827662229537964
3965,0.21362234608020586,0.9477720811102159,21.833113431930542
3966,0.21314059720777256,0.9144334862587067,21.83967161178589
3967,0.21266031138942737,0.9448945625083407,21.844683408737183
3968,0.21218148277231258,0.9116599791923307,21.853983402252197
3969,0.21170410541509277,0.942031549406336,21.859044075012207
3970,0.2112281735245234,0.9089004379135578,21.8643536567688
3971,0.21075368121968469,0.9391829367409574,21.86944890022278
3972,0.2102806227662221,0.9061547613542614,21.874435424804688
3973,0.20980899234290099,0.9363486203903038,21.88246750831604
3974,0.2093387842735437,0.9034228493514569,21.887959957122803
3975,0.20886999279588006,0.9335284971646497,21.892881393432617
3976,0.20840261229120546,0.9007046026379348,21.898241996765137
3977,0.20793663705550341,0.9307224647963752,21.9079909324646
3978,0.20747206152684855,0.8979999228341097,21.91903257369995
3979,0.20700888005877674,0.9279304219319991,21.924044370651245
3980,0.2065470871454576,0.8953087124393247,21.929410696029663
3981,0.20608667719728768,0.9251522681231691,21.934601068496704
3982,0.2056276447638563,0.8926308748228865,21.940993547439575
3983,0.20516998431173825,0.9223879038175601,21.950648546218872
3984,0.20471369044527676,0.8899663142159451,21.955669164657593
3985,0.20425875768655163,0.9196372303498752,21.960541486740112
3986,0.2038051806940034,0.887314935703132,21.966106414794922
3987,0.2033529540445529,0.91690014993401,21.971193552017212
3988,0.20290207245008968,0.884676645213723,21.98000931739807
3989,0.20245253054172085,0.9141765656540461,21.98532247543335
3990,0.20200432308414587,0.882051349513985,21.990320444107056
3991,0.20155744476201157,0.9114663814550502,21.99534821510315
3992,0.201111890392197,0.8794389561984051,22.0003764629364
3993,0.20066765471225176,0.9087695021362451,22.008276224136353
3994,0.20022473259061208,0.8768393736819287,22.0137460231781
3995,0.1997831188171012,0.9060858333406807,22.019145250320435
3996,0.19934280831109963,0.8742525111922023,22.024209022521973
3997,0.19890379591408358,0.9034152815484466,22.029396772384644
3998,0.19846607659577242,0.8716782787610233,22.034476041793823
3999,0.19802964524868355,0.90075775406764,22.043699741363525
4000,0.19759449689227812,0.8691165872165482,22.04900074005127
4001,0.19716062646951082,0.8981131590267862,22.054244995117188
4002,0.19672802904899553,0.866567348175588,22.059268712997437
4003,0.19629669962352844,0.895481405366329,22.06439447402954
4004,0.1958666333102953,0.8640304740361192,22.07199215888977
4005,0.19543782515134608,0.8928624028307037,22.07744002342224
4006,0.195010270311865,0.8615058779689504,22.082844018936157
4007,0.19458396388257596,0.8902560619608006,22.087985515594482
4008,0.194158901076096,0.8589934739103873,22.092881679534912
4009,0.19373507703125112,0.8876622940857636,22.098374605178833
4010,0.1933124870075334,0.8564931765552677,22.106013536453247
4011,0.19289112619130605,0.8850810113151685,22.111281871795654
4012,0.1924709898883857,0.8540049013485054,22.116432189941406
4013,0.1920520733321162,0.8825121265313183,22.12152338027954
4014,0.1916343718740956,0.8515285644784931,22.12645411491394
4015,0.19121788079409863,0.8799555533821237,22.131576538085938
4016,0.190802595488969,0.8490640828689261,22.140286207199097
4017,0.19038851128437034,0.8774112062730851,22.14672064781189
4018,0.18997562362186354,0.8466113741728171,22.152038097381592
4019,0.18956392787246584,0.8748790003595208,22.15693163871765
4020,0.18915341952193365,0.8441703567639011,22.162384510040283
4021,0.1887440939861103,0.872358851540126,22.167358875274658
4022,0.18833594679443277,0.8417409497302696,22.17394757270813
4023,0.18792897340704978,0.8698506764486797,22.179251670837402
4024,0.18752316939657113,0.8393230728672274,22.184258937835693
4025,0.18711853026693695,0.8673543924473357,22.189120054244995
4026,0.18671505163342905,0.8369166466705757,22.19405484199524
4027,0.18631272904327148,0.8648699176187938,22.198986768722534
4028,0.1859115581539238,0.8345215923290729,22.204918384552002
4029,0.18551153455539382,0.8623971707602067,22.209915161132812
4030,0.18511265394683069,0.8321378317176464,22.214946031570435
4031,0.18471491196053233,0.8599360713753961,22.219846963882446
4032,0.1843183043368563,0.8297652873915328,22.224689245224
4033,0.18392282674990323,0.857486539667671,22.229536771774292
4034,0.18352847498076397,0.8274038825783274,22.236077785491943
4035,0.18313524474486112,0.8550484965338033,22.24105668067932
4036,0.18274313186355,0.8250535411717206,22.246367692947388
4037,0.18235213209310067,0.8526218635560926,22.252936363220215
4038,0.1819622412946707,0.822714187725768,22.257961750030518
4039,0.18157345526490923,0.8502065629965485,22.26305603981018
4040,0.18118576990431942,0.8203857474473051,22.269193172454834
4041,0.18079918104946746,0.8478025177893088,22.274202585220337
4042,0.18041368463975188,0.8180681461898461,22.279350996017456
4043,0.1800292765511996,0.8454096515348106,22.284307956695557
4044,0.17964595276166004,0.8157613104471769,22.28915786743164
4045,0.17926370918617107,0.8430278884926871,22.293992042541504
4046,0.1788825418405941,0.81346516734715,22.300439596176147
4047,0.17850244667853354,0.8406571535752606,22.30544114112854
4048,0.1781234197534302,0.8111796446453824,22.31025791168213
4049,0.1777454570570168,0.8382973723415379,22.315489530563354
4050,0.17736855467988605,0.8089046707188738,22.320317029953003
4051,0.17699270865146616,0.8359484709901699,22.32505774497986
4052,0.17661791509908015,0.8066401745599434,22.33121395111084
4053,0.17624417008942506,0.8336103763540057,22.33635973930359
4054,0.17587146978613794,0.8043860857705664,22.341167211532593
4055,0.17549981029276282,0.8312830158924721,22.34633994102478
4056,0.17512918780884043,0.8021423345556267,22.352692365646362
4057,0.17475959847434566,0.8289663176869001,22.357656240463257
4058,0.17439103852431767,0.7999088517178334,22.363344430923462
4059,0.1740235041347517,0.8266602104334418,22.369266033172607
4060,0.1736569915757849,0.7976855686507333,22.374199151992798
4061,0.17329149705902774,0.824364623437554,22.3794527053833
4062,0.17292701688932058,0.7954724173337202,22.384403228759766
4063,0.1725635473134891,0.8220794866075806,22.389187574386597
4064,0.172201084670687,0.793269330326025,22.394819736480713
4065,0.17183962524256036,0.8198047304488545,22.400643587112427
4066,0.17147916540219144,0.7910762407610737,22.405659675598145
4067,0.17111970146565703,0.8175402860579725,22.41049599647522
4068,0.17076122983958836,0.7888930823409617,22.41574263572693
4069,0.17040374687410795,0.8152860851167574,22.42054033279419
4070,0.17004724900902113,0.7867197893301404,22.426121711730957
4071,0.1696917326281166,0.8130420598869293,22.43185830116272
4072,0.16933719420400387,0.784556296550941,22.436900854110718
4073,0.16898363015376267,0.8108081432038842,22.441744804382324
4074,0.16863103698244142,0.7824025393772437,22.44692325592041
4075,0.1682794111400411,0.808584268471571,22.451814889907837
4076,0.16792874916368838,0.7802584537294254,22.45877981185913
4077,0.16757904753593994,0.8063703696561066,22.463768243789673
4078,0.167230302825645,0.7781239760689207,22.4697048664093
4079,0.16688251154755554,0.8041663812817659,22.474672079086304
4080,0.1665356703018916,0.775999043392788,22.47997522354126
4081,0.16618977563524437,0.8019722384234383,22.48491382598877
4082,0.16584482417885818,0.7738835932287588,22.491230964660645
4083,0.16550081251081183,0.7997878767030415,22.496479749679565
4084,0.1651577372930314,0.7717775636296884,22.50139832496643
4085,0.16481559513473637,0.7976132322826802,22.506258487701416
4086,0.16447438272819676,0.769680893169077,22.51115369796753
4087,0.16413409671343004,0.7954482418609901,22.51594352722168
4088,0.16379473381271625,0.7675935209346985,22.52210783958435
4089,0.1634562906965326,0.793292842666225,22.52706789970398
4090,0.1631187641168399,0.7655153865248554,22.532310247421265
4091,0.16278215077424124,0.7911469724522464,22.53718900680542
4092,0.16244644745005266,0.7634464300427296,22.542593240737915
4093,0.1621116508746734,0.7890105694926048,22.547573804855347
4094,0.1617777578584538,0.761386592091518,22.553744077682495
4095,0.16144476516126371,0.7868835725762586,22.56031370162964
4096,0.16111266962217047,0.7593358137696516,22.56564426422119
4097,0.16078146803019347,0.7847659210021856,22.57044816017151
4098,0.16045115725280373,0.7572940366657008,22.57535171508789
4099,0.16012173410785263,0.7826575545735736,22.58038353919983
4100,0.15979319549090623,0.7552612028542385,22.586676120758057
4101,0.15946553824833426,0.7805584135941692,22.591601371765137
4102,0.15913875930349267,0.753237254890513,22.59678053855896
4103,0.1588128555309604,0.7784684388630745,22.601750373840332
4104,0.15848782388158145,0.7512221358054804,22.606539726257324
4105,0.1581636612578385,0.7763875716692997,22.611435174942017
4106,0.15784036463776657,0.7492157891022956,22.61756944656372
4107,0.15751793095145009,0.7743157537877121,22.622575044631958
4108,0.1571963572038209,0.7472181587504647,22.6274254322052
4109,0.15687564035226764,0.7722529274738567,22.632695198059082
4110,0.15655577742832893,0.7452291891822391,22.637519359588623
4111,0.1562367654164033,0.7701990354596426,22.64232110977173
4112,0.15591860137434965,0.7432488252876583,22.649717092514038
4113,0.15560128231328585,0.7681540209481603,22.65470290184021
4114,0.15528480531710823,0.7412770124102643,22.6614191532135
4115,0.15496916742336725,0.7661178276100967,22.66646957397461
4116,0.15465436574171693,0.7393136963422954,22.67126703262329
4117,0.15434039733585714,0.7640903995779037,22.676151275634766
4118,0.154027259340924,0.7373588233213558,22.682807683944702
4119,0.15371494884648684,0.7620716814425433,22.687800407409668
4120,0.15340346301289126,0.7354123400247349,22.69256615638733
4121,0.15309279895529973,0.7600616182480429,22.697800397872925
4122,0.15278295385899857,0.7334741935666568,22.702663898468018
4123,0.15247392486447056,0.7580601554882268,22.707439184188843
4124,0.15216570918167646,0.7315443314924701,22.713079690933228
4125,0.15185830397615,0.7560672391008688,22.71908712387085
4126,0.15155170648226432,0.7296227017758301,22.723924160003662
4127,0.15124591389033779,0.7540828154649628,22.729034423828125
4128,0.15094092345889668,0.7277092528138346,22.734015464782715
4129,0.1506367324027811,0.7521068313955591,22.738820791244507
4130,0.15033333800441445,0.725803933423037,22.744446992874146
4131,0.15003073750289914,0.7501392341399801,22.750300407409668
4132,0.1497289282043026,0.7239066928355096,22.755317211151123
4133,0.14942790737173317,0.7481799713733868,22.760089874267578
4134,0.14912767233465274,0.7220174806949275,22.766984462738037
4135,0.1488282203799221,0.7462289911943505,22.77353858947754
4136,0.14852954886015102,0.7201362470526003,22.778812170028687
4137,0.14823165508570266,0.7442862421214012,22.78473210334778
4138,0.14793453643209106,0.7182629423635977,22.789682388305664
4139,0.1476381902329346,0.7423516730890489,22.794833183288574
4140,0.1473426138864109,0.7163975174822896,22.799790382385254
4141,0.1470478047491494,0.7404252334432672,22.805233001708984
4142,0.14675376024175374,0.7145399236592739,22.810441732406616
4143,0.1464604777436235,0.738506872938058,22.81634783744812
4144,0.14616795469755325,0.7126901125372326,22.821332454681396
4145,0.14587618850547457,0.73659654173094,22.826169967651367
4146,0.14558517663214124,0.7108480361473277,22.831446647644043
4147,0.14529491650178156,0.7346941903797162,22.837430477142334
4148,0.1450054056008792,0.7090136469051956,22.84281635284424
4149,0.14471664137572698,0.7327997698383629,22.84808921813965
4150,0.14442862133431247,0.7071868976081328,22.852897882461548
4151,0.14414134294476288,0.7309132314528765,22.85784363746643
4152,0.14385480373634613,0.7053677414298867,22.862751007080078
4153,0.14356900119879742,0.7290345269586129,22.870892763137817
4154,0.1432839328824441,0.7035561319188277,22.875964879989624
4155,0.1429995962984053,0.7271636084754995,22.88137722015381
4156,0.1427159890178495,0.7017520229929916,22.886640548706055
4157,0.14243310857305838,0.7253004285046281,22.89155602455139
4158,0.14215095255582608,0.6999553689373756,22.896425485610962
4159,0.14186951851937835,0.7234449399251868,22.902565479278564
4160,0.14158880407592206,0.6981661244002653,22.90752363204956
4161,0.14130880679941082,0.7215970959902336,22.91272783279419
4162,0.14102952432225402,0.6963842443898709,22.91767454147339
4163,0.1407509542389196,0.7197568503232832,22.922516345977783
4164,0.14047309420181148,0.6946096842702428,22.927380084991455
4165,0.1401959418257014,0.717924156915276,22.934429168701172
4166,0.13991949478278248,0.6928423997589139,22.939433336257935
4167,0.13964375070792157,0.7160989701204411,22.944597005844116
4168,0.13936870729289835,0.6910823469227799,22.949528455734253
4169,0.1390943621924692,0.7142812446535629,22.9543936252594
4170,0.13882071311779962,0.689329482175458,22.95920729637146
4171,0.138547757743332,0.7124709355854759,22.966593265533447
4172,0.13827549379941984,0.6875837622734229,22.97310519218445
4173,0.13800391897999065,0.71066799834081,22.978209733963013
4174,0.13773303103439014,0.6858451443130007,22.98310899734497
4175,0.13746282767583246,0.7088723886945152,22.98796534538269
4176,0.1371933066724622,0.6841135857273112,22.992771863937378
4177,0.13692446575658404,0.7070840627680538,22.998429536819458
4178,0.13665630271495027,0.682389044282993,23.003470420837402
4179,0.13638881529876212,0.7053029770263414,23.008296728134155
4180,0.13612200131319094,0.6806714780766673,23.013447046279907
4181,0.13585585852814305,0.7035290882745024,23.018413305282593
4182,0.13559038476702237,0.6789608455332035,23.02322506904602
4183,0.1353255778182509,0.7017623536547765,23.028841972351074
4184,0.13506143552328082,0.6772571054007344,23.034350872039795
4185,0.13479795568886285,0.7000027306436973,23.039279460906982
4186,0.13453513617431517,0.6755602167487964,23.045246839523315
4187,0.1342729748045324,0.6982501770482933,23.050230026245117
4188,0.13401146945651876,0.6738701389653028,23.055031299591064
4189,0.13375061797313023,0.6965046510033317,23.060526609420776
4190,0.13349041824887917,0.6721868317532234,23.065946340560913
4191,0.13323086814440221,0.694766110968452,23.072296619415283
4192,0.1329719655715443,0.670510255127919,23.07766366004944
4193,0.1327137084085443,0.6930345157244728,23.08275842666626
4194,0.13245609458440594,0.6688403694140734,23.08761692047119
4195,0.13219912199479417,0.6913098243716123,23.0932035446167
4196,0.13194278858569983,0.6671771352425202,23.09862208366394
4197,0.13168709227003964,0.689591996325131,23.10366988182068
4198,0.13143203101062173,0.6655205135482567,23.108452081680298
4199,0.13117760273744272,0.6878809913132621,23.113688945770264
4200,0.13092380542996046,0.6638704655667452,23.11853814125061
4201,0.13067063703508092,0.6861767693742185,23.124224185943604
4202,0.1304180955487461,0.6622269528315244,23.129295349121094
4203,0.1301661789346032,0.6844792908529678,23.13486075401306
4204,0.1299148852049146,0.6605899371715975,23.139728307724
4205,0.12966421233990263,0.6827885163990353,23.144694566726685
4206,0.1294141583679878,0.6589593807079709,23.149646997451782
4207,0.12916472128580336,0.681104406962765,23.156275033950806
4208,0.12891589913776835,0.6573352458522765,23.161282777786255
4209,0.1286676899367643,0.6794269237932501,23.16720700263977
4210,0.12842009174305055,0.6557174953027275,23.17213726043701
4211,0.12817310258559655,0.6777560284354958,23.179067134857178
4212,0.12792672054034554,0.6541060920421016,23.186192750930786
4213,0.12768094365219623,0.6760916827272897,23.191479206085205
4214,0.12743577001262146,0.6525009993353119,23.19669222831726
4215,0.1271911976822923,0.6744338487972114,23.201617002487183
4216,0.12694722476805848,0.6509021807265835,23.206405639648438
4217,0.12670384934620832,0.6727824890611505,23.211276531219482
4218,0.12646106953881753,0.6493096000365752,23.21816349029541
4219,0.12621888343763873,0.6711375662206149,23.223578214645386
4220,0.12597728917982406,0.6477232213601882,23.22881507873535
4221,0.12573628487243904,0.6694990432590879,23.233752727508545
4222,0.12549586866756485,0.6461430090641832,23.238569974899292
4223,0.12525603868743018,0.6678668834401514,23.243398427963257
4224,0.1250167930988995,0.6445689277845844,23.25030255317688
4225,0.1247781300392165,0.6662410503043089,23.25571084022522
4226,0.12454004768988503,0.6430009424241716,23.260817527770996
4227,0.12430254420301742,0.6646215076674197,23.265772819519043
4228,0.12406561777461424,0.641439018149917,23.270559549331665
4229,0.12382926657151211,0.6630082196174004,23.275341987609863
4230,0.12359348880406734,0.6398831203905864,23.285139083862305
4231,0.12335828265369762,0.6614011505117084,23.290346145629883
4232,0.12312364634497601,0.6383332148346222,23.29557752609253
4233,0.12288957807376005,0.6598002649758481,23.300621032714844
4234,0.12265607607870173,0.6367892674275158,23.30565118789673
4235,0.1224231385699586,0.6582055278993546,23.31262969970703
4236,0.12219076380012563,0.6352512443701738,23.318227291107178
4237,0.12195894999352223,0.6566169044348135,23.323294401168823
4238,0.1217276954165517,0.6337191121150703,23.328363180160522
4239,0.12149699830755871,0.6550343599948305,23.333450078964233
4240,0.12126685694662198,0.632192837365653,23.338477611541748
4241,0.12103726958597645,0.6534578602500462,23.346230506896973
4242,0.12080823451924468,0.6306723870730508,23.35182023048401
4243,0.12057975001241827,0.6518873711261103,23.3567316532135
4244,0.12035181437253348,0.6291577284339099,23.36190176010132
4245,0.12012442587920677,0.6503228588022287,23.3669490814209
4246,0.11989758285275964,0.6276488288888308,23.371987342834473
4247,0.11967128358630275,0.6487642897084454,23.381659269332886
4248,0.11944552641331574,0.6261456561195763,23.386716842651367
4249,0.11922030964027427,0.6472116305227996,23.391681909561157
4250,0.11899563161369046,0.6246481780469746,23.397082090377808
4251,0.11877149065327769,0.6456648481706412,23.402143478393555
4252,0.11854788511845601,0.6231563628287994,23.40981411933899
4253,0.11832481334205025,0.6441239098209182,23.415363073349
4254,0.11810227369626587,0.621670178857988,23.420401096343994
4255,0.11788026452691414,0.6425887828846221,23.425399780273438
4256,0.1176587842188643,0.6201895947600384,23.430705547332764
4257,0.11743783113079112,0.6410594350128772,23.43575954437256
4258,0.11721740366010722,0.6187145793911646,23.44367480278015
4259,0.11699750017822855,0.6395358340937687,23.448915481567383
4260,0.11677811909499278,0.6172451018364312,23.454021215438843
4261,0.1165592587944363,0.638017948251454,23.45891809463501
4262,0.11634091769870425,0.6157811314070798,23.46419906616211
4263,0.11612309420433442,0.636505745843838,23.471071481704712
4264,0.11590578674566293,0.6143226376392128,23.476508617401123
4265,0.1156889937316111,0.6349991954595896,23.481826782226562
4266,0.11547271360859132,0.6128695902915956,23.488571643829346
4267,0.11525694479779147,0.6334982659166739,23.49376082420349
4268,0.11504168575758673,0.6114219593430916,23.49883246421814
4269,0.11482693492131645,0.6320029262609907,23.50667905807495
4270,0.11461269075920588,0.6099797149918034,23.51188588142395
4271,0.11439895171663184,0.630513145762924,23.51762628555298
4272,0.11418571627555874,0.608542827652167,23.522608757019043
4273,0.11397298289328778,0.6290288939166063,23.527707815170288
4274,0.11376075006341277,0.6071112679533953,23.535284519195557
4275,0.11354901625504779,0.6275501404374284,23.540698051452637
4276,0.1133377799733073,0.6056850067379718,23.546033143997192
4277,0.11312703969900792,0.626076855259629,23.551039457321167
4278,0.11291679394867712,0.6042640150589238,23.55588984489441
4279,0.112707041214725,0.6246090085353128,23.56082582473755
4280,0.11249778002498595,0.6028482641788061,23.570252895355225
4281,0.11228900888335544,0.6231465706319641,23.575315475463867
4282,0.11208072632886962,0.6014377255668972,23.580539226531982
4283,0.11187293087680256,0.6216895121307299,23.585487127304077
4284,0.11166562107728815,0.6000323708984717,23.592047452926636
4285,0.11145879545687373,0.6202378038243327,23.601495027542114
4286,0.11125245257668796,0.598632172052444,23.606587886810303
4287,0.11104659097444677,0.6187914167151839,23.611589670181274
4288,0.11084120922217203,0.5972371011091252,23.616576194763184
4289,0.11063630586864504,0.6173503220141675,23.621460914611816
4290,0.11043187949668032,0.5958471303497017,23.62893056869507
4291,0.11022792866602227,0.6159144911379237,23.634746074676514
4292,0.11002445197017825,0.5944622322527334,23.65405821800232
4293,0.10982144797975485,0.6144838957076796,23.664069175720215
4294,0.10961891529885429,0.593082379494647,23.672750234603882
4295,0.10941685250884522,0.6130585075472281,23.679725885391235
4296,0.10921525822432684,0.5917075449455734,23.698376178741455
4297,0.1090141310373312,0.6116382986810853,23.708833932876587
4298,0.10881346957285837,0.5903377016697745,23.731074571609497
4299,0.10861327243350594,0.6102232413330595,23.74070453643799
4300,0.10841353825457954,0.5889728229224866,23.755990743637085
4301,0.10821426564914541,0.6088133079240773,23.762075901031494
4302,0.10801545326272055,0.587612882149272,23.772815704345703
4303,0.10781709971874423,0.60740847107079,23.779744386672974
4304,0.10761920367285155,0.5862578529834602,23.788588523864746
4305,0.10742176375876009,0.6060087035838211,23.79861617088318
4306,0.10722477864213087,0.5849077092452857,23.804692029953003
4307,0.10702824696686616,0.6046139784663056,23.812995195388794
4308,0.10683216740856148,0.5835624249396739,23.827817678451538
4309,0.10663653862121111,0.603224268911502,23.833866119384766
4310,0.10644135929025507,0.5822219742554735,23.839059591293335
4311,0.10624662807968799,0.6018395483018572,23.8451030254364
4312,0.10605234368470479,0.5808863315625488,23.852856874465942
4313,0.10585850477920983,0.6004597902073903,23.867451906204224
4314,0.10566511006806488,0.5795554714117633,23.872812747955322
4315,0.1054721582349941,0.5990849683833207,23.878512620925903
4316,0.10527964799443869,0.5782293685324031,23.88804793357849
4317,0.10508757803985386,0.5977150567689803,23.898219347000122
4318,0.10489594709517379,0.5769079978306239,23.903663635253906
4319,0.10470475386349715,0.5963500294871311,23.909076929092407
4320,0.1045139970781653,0.5755913343884738,23.92117166519165
4321,0.10432367545183348,0.5949898608404792,23.92785906791687
4322,0.10413378772716567,0.5742793534619248,23.93665909767151
4323,0.10394433262628766,0.5936345253117907,23.947375297546387
4324,0.10375530890110242,0.5729720304798099,23.953038930892944
4325,0.10356671528312114,0.5922839975612569,23.96476936340332
4326,0.10337855053340297,0.5716693410417317,23.970470190048218
4327,0.10319081339276048,0.5909382524261283,23.977696418762207
4328,0.10300350263132699,0.5703712609176376,23.988738775253296
4329,0.10281661699913303,0.5895972649175598,23.995018482208252
4330,0.10263015527530504,0.5690777660454515,24.001872539520264
4331,0.10244411621900931,0.588261010220553,24.006897449493408
4332,0.10225849861828484,0.5677888325293531,24.01589846611023
4333,0.10207330124135228,0.5869294636924814,24.022239208221436
4334,0.10188852288508402,0.5665044366396911,24.028829097747803
4335,0.10170416232667416,0.5856026008602198,24.033748149871826
4336,0.10152021837174989,0.565224554810371,24.03854751586914
4337,0.10133668980639912,0.5842803974203714,24.046647310256958
4338,0.10115357544492612,0.5639491636382098,24.051695346832275
4339,0.10097087408223351,0.5829628292365892,24.056456089019775
4340,0.10078858454122562,0.5626782398807789,24.062371253967285
4341,0.10060670562554178,0.581649872339138,24.067260265350342
4342,0.10042523616661042,0.5614117604562282,24.074692249298096
4343,0.10024417497673013,0.5803415029229034,24.08101463317871
4344,0.10006352089577777,0.5601497024402247,24.086008071899414
4345,0.09988327274463489,0.5790376973457431,24.090946674346924
4346,0.09970342937155252,0.5588920430666025,24.09634304046631
4347,0.09952398960591934,0.5777384321280801,24.102675914764404
4348,0.09934495230428647,0.5576387597242625,24.109681844711304
4349,0.09916631630447476,0.5764436839502682,24.116374731063843
4350,0.0989880804712629,0.5563898299576152,24.1213321685791
4351,0.09881024365082972,0.5751534296524278,24.12669587135315
4352,0.09863280471610886,0.5551452314632291,24.131659269332886
4353,0.09845576252156368,0.5738676462324341,24.13767671585083
4354,0.0982791159482116,0.5539049420901686,24.143277168273926
4355,0.098102863858728,0.5725863108450134,24.149489402770996
4356,0.09792700514214296,0.5526689398383013,24.154454469680786
4357,0.09775153866927212,0.5713094007997387,24.159264087677002
4358,0.09757646333708832,0.5514372028567034,24.164860010147095
4359,0.09740177802447623,0.5700368935605633,24.17184853553772
4360,0.09722748163628211,0.5502097094424188,24.177024364471436
4361,0.09705357305938923,0.5687687667438224,24.183056592941284
4362,0.09688005120644899,0.5489864380403683,24.187974452972412
4363,0.09670691497227335,0.5675049981171999,24.19389772415161
4364,0.0965341632772508,0.5477673672403552,24.199369192123413
4365,0.09636179502405348,0.5662455655992056,24.20813274383545
4366,0.09618980914073946,0.5465524757765248,24.22987461090088
4367,0.09601820453777277,0.5649904472569646,24.23775577545166
4368,0.09584698015081475,0.5453417425268686,24.24310827255249
4369,0.09567613489805363,0.5637396213049388,24.248064279556274
4370,0.09550566772268834,0.5441351465112101,24.252856254577637
4371,0.09533557755056449,0.5624930661047463,24.257619619369507
4372,0.09516586333235327,0.5429326668905867,24.262590408325195
4373,0.0949965240014915,0.5612507601623634,24.269745588302612
4374,0.09482755851605831,0.5417342829656733,24.27476453781128
4375,0.09465896581701619,0.5600126821284874,24.28071641921997
4376,0.0944907448697884,0.5405399741758922,24.285931825637817
4377,0.09432289462279822,0.558778810796461,24.291120052337646
4378,0.0941554140487498,0.5393497200976951,24.299753427505493
4379,0.09398830210346326,0.5575491251017367,24.304707765579224
4380,0.09382155776686103,0.538163500444569,24.311607837677002
4381,0.09365518000209627,0.5563236041193506,24.31685209274292
4382,0.09348916779624811,0.5369812950648573,24.321697235107422
4383,0.09332352011974007,0.5551022270647686,24.327741146087646
4384,0.09315823596674619,0.535803083940861,24.334361791610718
4385,0.0929933143148982,0.5538849732908603,24.339516162872314
4386,0.09282875416540468,0.5346288471880455,24.344786643981934
4387,0.09266455450304395,0.5526718222885332,24.349716186523438
4388,0.09250071433599902,0.5334585650538031,24.354864835739136
4389,0.09233723265613364,0.5514627536835139,24.361303091049194
4390,0.092174108478546,0.5322922179166613,24.367445707321167
4391,0.09201134080212499,0.5502577472372583,24.372292518615723
4392,0.09184892864882498,0.531129786284709,24.37748122215271
4393,0.09168687102450024,0.5490567828444622,24.38257646560669
4394,0.09152516695790314,0.5299712507944955,24.38740301132202
4395,0.09136381546179409,0.5478598405327954,24.39469885826111
4396,0.09120281557166603,0.5288165922109551,24.400829553604126
4397,0.09104216630712689,0.5466669004614402,24.405714511871338
4398,0.09088186671035273,0.5276657914249108,24.412418603897095
4399,0.09072191580774129,0.5454779429200047,24.41737723350525
4400,0.09056231264809544,0.526518829453163,24.423412561416626
4401,0.0904030562645451,0.5442929483279654,24.42866349220276
4402,0.09024414571246392,0.5253756874370628,24.4350745677948
4403,0.09008558003165744,0.543111897232704,24.439992427825928
4404,0.08992735828401452,0.5242363466414384,24.445654153823853
4405,0.08976947951595987,0.5419347703092267,24.45063066482544
4406,0.08961194279584314,0.523100788453819,24.457327842712402
4407,0.08945474717665243,0.5407615483587972,24.463383436203003
4408,0.08929789173314373,0.5219689943835533,24.468479871749878
4409,0.08914137552481344,0.5395922123081182,24.47352170944214
4410,0.08898519763277006,0.5208409460599662,24.479071140289307
4411,0.08882935712296379,0.5384267432081395,24.48405146598816
4412,0.08867385308280255,0.5197166252328695,24.490495681762695
4413,0.08851868458463615,0.5372651222330033,24.495543479919434
4414,0.08836385072211915,0.5185960137699789,24.50212287902832
4415,0.08820935057394758,0.5361073306796139,24.507102489471436
4416,0.0880551832399704,0.5174790936570326,24.51236653327942
4417,0.08790134780517685,0.534953349965875,24.521564245224
4418,0.08774784337555876,0.5163658469966699,24.52691888809204
4419,0.08759466904234608,0.5338031616299513,24.531872749328613
4420,0.08744182391762235,0.5152562560073696,24.536678314208984
4421,0.08728930709880628,0.5326567473298093,24.54157853126526
4422,0.08713711770402237,0.5141503030224098,24.546989917755127
4423,0.0869852548368268,0.5315140888415514,24.55459427833557
4424,0.08683371762133488,0.513047970489035,24.56023621559143
4425,0.08668250516718905,0.5303751680585117,24.565187454223633
4426,0.08653161660444615,0.5119492409680508,24.570095777511597
4427,0.08638105104878448,0.529239966991485,24.574935913085938
4428,0.08623080763615286,0.5108540971316592,24.583211421966553
4429,0.08608088548821567,0.528108467766093,24.58820629119873
4430,0.08593128374676526,0.5097625217639911,24.593574047088623
4431,0.08578200153940246,0.5269806526232045,24.59882092475891
4432,0.08563303801371484,0.5086744977594426,24.6044921875
4433,0.08548439230319081,0.5258565039170642,24.609779596328735
4434,0.08533606356116552,0.5075900081219372,24.618528127670288
4435,0.08518805092696632,0.5247360041151269,24.62364912033081
4436,0.08504035355962863,0.5065090359638833,24.629002332687378
4437,0.08489297060427098,0.5236191357969446,24.63389229774475
4438,0.08474590122558205,0.5054315645057392,24.6387460231781
4439,0.08459914457442394,0.5225058816528987,24.646160125732422
4440,0.08445269982109244,0.5043575770749201,24.65127921104431
4441,0.08430656612214606,0.5213962244840173,24.656100273132324
4442,0.08416074265344167,0.5032870571048303,24.661481618881226
4443,0.08401522857718764,0.5202901472003756,24.666841745376587
4444,0.08387002307475645,0.5022199881341131,24.671780109405518
4445,0.08372512531396017,0.5191876328207565,24.679432153701782
4446,0.08358053448164193,0.5011563538062335,24.6845805644989
4447,0.08343624975117166,0.5180886644714721,24.68941903114319
4448,0.08329227031481852,0.5000961378678588,24.694828271865845
4449,0.08314859535146499,0.5169932253856897,24.69989252090454
4450,0.0830052240587624,0.4990393241690661,24.70472002029419
4451,0.08286215562106075,0.5159012989026623,24.711265802383423
4452,0.08271938924134958,0.497985896661436,24.717347383499146
4453,0.08257692410940229,0.5148128684666595,24.72432518005371
4454,0.08243475943350306,0.49693583939752123,24.72976589202881
4455,0.0822928944088048,0.5137279176268756,24.73458218574524
4456,0.08215132824884369,0.4958891365309695,24.741015434265137
4457,0.08201006015410825,0.5126464300353489,24.747060775756836
4458,0.08186908934334419,0.4948457723147347,24.7520911693573
4459,0.08172841502233269,0.5115683894470123,24.75700068473816
4460,0.0815880364149868,0.49380573110089704,24.76240563392639
4461,0.08144795273233744,0.5104937797185557,24.767279624938965
4462,0.0813081632034236,0.4927689973393293,24.773983240127563
4463,0.08116866704448361,0.5094225848083423,24.780726432800293
4464,0.0810294634896408,0.4917355555772038,24.785834074020386
4465,0.08089055176029915,0.5083547887746747,24.790739059448242
4466,0.08075193109562559,0.490705390458526,24.796165943145752
4467,0.08061360072214811,0.5072903757756824,24.8011155128479
4468,0.08047555988403671,0.48967848672305514,24.807568073272705
4469,0.08033780781290231,0.5062293300678298,24.81344699859619
4470,0.08020034375787784,0.4886548292057865,24.81851315498352
4471,0.08006316695561633,0.5051716360059723,24.824824810028076
4472,0.0799262766601741,0.48763440283603743,24.830695390701294
4473,0.07978967211320581,0.5041172780420515,24.838496208190918
4474,0.07965335257365165,0.4866171926364835,24.8435537815094
4475,0.07951731728812822,0.5030662407249353,24.849517107009888
4476,0.0793815655204204,0.48560318372244166,24.854438066482544
4477,0.07924609652206716,0.5020185086991492,24.859654664993286
4478,0.07911090956165968,0.4845923613025565,24.86468529701233
4479,0.0789760038956198,0.500974066703634,24.871906042099
4480,0.07884137879730686,0.48358471067613956,24.877233028411865
4481,0.07870703352798675,0.4999328995722102,24.882290840148926
4482,0.07857296736574895,0.4825802172332734,24.887671947479248
4483,0.07843917957666496,0.4988949922324037,24.89263939857483
4484,0.07830566944351688,0.48157886645434644,24.897688150405884
4485,0.07817243623714384,0.4978603297045117,24.904828786849976
4486,0.0780394792449833,0.480580643909101,24.910104513168335
4487,0.07790679774260412,0.4968288971007634,24.91507363319397
4488,0.07777439102206227,0.4795855352558757,24.919899225234985
4489,0.07764225836361893,0.495800679625113,24.924765825271606
4490,0.07751039906391244,0.47859352624152823,24.93591547012329
4491,0.07737881240785911,0.4947756625719672,24.94125986099243
4492,0.07724749769664302,0.47760460269962507,24.946914434432983
4493,0.07711645421979928,0.49375383132630796,24.951836824417114
4494,0.0769856812830221,0.4766187505509442,24.956706523895264
4495,0.07685517818042865,0.49273517136182743,24.96646761894226
4496,0.07672494422218791,0.4756359558020437,24.971472024917603
4497,0.07659497870696307,0.4917196682415906,24.97671151161194
4498,0.07646528094936275,0.4746562045449906,24.98167109489441
4499,0.0763358502525606,0.49070730761651926,24.98653244972229
4500,0.07620668593556991,0.4736794829567297,24.991286039352417
4501,0.07607778730603931,0.48969807522440406,24.9993793964386
4502,0.07594915368735242,0.47270577729794866,25.004393577575684
4503,0.07582078439159787,0.48869195689074546,25.009703397750854
4504,0.07569267874649532,0.47173507391299874,25.014671325683594
4505,0.07556483606853867,0.48768893852621914,25.01946783065796
4506,0.07543725568974982,0.47076735922931723,25.024235010147095
4507,0.07530993693099353,0.4866890061271853,25.032774448394775
4508,0.07518287912856038,0.4698026197561791,25.037738800048828
4509,0.07505608160765202,0.4856921457750008,25.04313898086548
4510,0.07492954370879434,0.46884084208460086,25.04864192008972
4511,0.07480326476149207,0.48469834363476505,25.0541410446167
4512,0.07467724411047368,0.467882012886799,25.060858011245728
4513,0.07455148108951344,0.4837075859553364,25.06704878807068
4514,0.07442597504750961,0.46692611891497676,25.071945428848267
4515,0.07430072532247303,0.48271985906845355,25.077281951904297
4516,0.07417573126743957,0.46597314700141457,25.08233332633972
4517,0.07405099222462352,0.4817351493878219,25.087390184402466
4518,0.07392650755116636,0.46502308405757775,25.095381498336792
4519,0.07380227659345354,0.4807534434093253,25.100631952285767
4520,0.07367829871270018,0.46407591707314944,25.10604739189148
4521,0.07355457325943059,0.47977472770934537,25.11151432991028
4522,0.07343109959890232,0.46313163311637706,25.11645269393921
4523,0.07330787708574654,0.4787989889450575,25.12135624885559
4524,0.07318490508923192,0.4621902193323406,25.12806010246277
4525,0.07306218296806494,0.4778262138530171,25.135797262191772
4526,0.07293971009549459,0.46125166294371633,25.140681982040405
4527,0.07281748583427121,0.4768563892493722,25.14608931541443
4528,0.0726955095615935,0.4603159512486468,25.150975942611694
4529,0.07257378064422468,0.4758895020289444,25.15767502784729
4530,0.07245229846328274,0.4593830716215081,25.16466999053955
4531,0.07233106238951287,0.47492553916419117,25.16972017288208
4532,0.07221007180792252,0.45845301151148266,25.174548864364624
4533,0.07208932609320837,0.47396448770563354,25.179956912994385
4534,0.0719688246342375,0.4575257584428942,25.184802293777466
4535,0.07184856680962784,0.4730063347800862,25.19135880470276
4536,0.07172855201207644,0.4566013000133143,25.197524070739746
4537,0.07160877962409268,0.47205106759152227,25.20257043838501
4538,0.07148924904217449,0.4556796238944651,25.20752453804016
4539,0.0713699596526927,0.4710986734186853,25.21291184425354
4540,0.07125091085591738,0.4547607178309178,25.22162890434265
4541,0.07113210204205131,0.4701491396161097,25.226680755615234
4542,0.07101353261510779,0.4538445696393293,25.232850074768066
4543,0.0708952019690928,0.46920245361306256,25.239376306533813
4544,0.07077710951173424,0.4529311672082793,25.244740962982178
4545,0.07065925464081226,0.4682586029131067,25.253076791763306
4546,0.07054163676774133,0.4520204984979425,25.258171796798706
4547,0.0704242552940471,0.4673175750927557,25.264410257339478
4548,0.07030710963480265,0.45111255153924257,25.269415378570557
4549,0.07019019919525075,0.46637935780186895,25.274285316467285
4550,0.07007352339409549,0.4502073144334419,25.27917194366455
4551,0.06995708164026848,0.46544393876257234,25.286611318588257
4552,0.06984087335607742,0.4493047753516865,25.292123317718506
4553,0.0697248979541151,0.4645113057697064,25.297237396240234
4554,0.06960915486026542,0.4484049225339008,25.302201509475708
4555,0.06949364349075475,0.4635814466887007,25.30705428123474
4556,0.06937836327501637,0.4475077442897674,25.311920404434204
4557,0.06926331363288266,0.46265434945615397,25.319799184799194
4558,0.0691484939973096,0.4466132289960412,25.32486915588379
4559,0.06903390379170858,0.46173000207938164,25.330328464508057
4560,0.0689195424525318,0.44572136509831284,25.335191011428833
4561,0.06880540940674273,0.46080839263520507,25.341792106628418
4562,0.0686915040942635,0.44483214110866637,25.34933376312256
4563,0.06857782594558309,0.45988950927025973,25.35440683364868
4564,0.06846437440406755,0.44394554560671695,25.359704971313477
4565,0.06835114890370488,0.4589733401995322,25.364720582962036
4566,0.06823814889127938,0.44306156723792633,25.369771480560303
4567,0.06812537380425177,0.4580598737065676,25.37541890144348
4568,0.06801282309279913,0.44218019471371023,25.383150339126587
4569,0.06790049619782906,0.4571490981431386,25.38815665245056
4570,0.06778839257288592,0.44130141681092633,25.393502712249756
4571,0.06767651166229854,0.45624100192799705,25.398613452911377
4572,0.06756485292295353,0.4404252223710363,25.403539419174194
4573,0.06745341580257538,0.45533557354724935,25.411983728408813
4574,0.06734219976136804,0.4395516003002891,25.41718101501465
4575,0.06723120425042656,0.4544328015530937,25.42208433151245
4576,0.0671204287332475,0.43868053956865033,25.42795991897583
4577,0.0670098726642713,0.45353267456356927,25.433014154434204
4578,0.06689953551026287,0.43781202921002804,25.437918663024902
4579,0.0667894167289832,0.45263518126267266,25.44723916053772
4580,0.06667951579044118,0.4369460583204512,25.45230007171631
4581,0.06656983215569377,0.4517403103988605,25.45718002319336
4582,0.06646036529797009,0.4360826160598113,25.462664127349854
4583,0.06635111468159854,0.450848050785759,25.46768808364868
4584,0.0662420797830045,0.4352216916487916,25.474404335021973
4585,0.06613326006976378,0.4499583913004669,25.480669021606445
4586,0.06602465502147445,0.43436327437104383,25.486385583877563
4587,0.06591626410893581,0.4490713208840425,25.491819381713867
4588,0.0658080868148951,0.4335073535706217,25.496795177459717
4589,0.06570012261335133,0.44818682854057396,25.501765489578247
4590,0.0655923709901779,0.4326539186527364,25.508344411849976
4591,0.06548483142254988,0.4473049033369974,25.51448893547058
4592,0.06537750339944397,0.4318029590830409,25.51942276954651
4593,0.06527038640118794,0.4464255344024262,25.524224281311035
4594,0.06516347991983878,0.43095446438692075,25.529775381088257
4595,0.06505678343885404,0.44554871092812415,25.534648418426514
4596,0.06495029645334843,0.4301084241494412,25.54186987876892
4597,0.06484401844988619,0.44467442216615843,25.549835920333862
4598,0.0647379489266175,0.4292648280148638,25.554702758789062
4599,0.0646320873731906,0.44380265743023645,25.56000280380249
4600,0.06452643329076876,0.42842366568580814,25.564966917037964
4601,0.06442098617206174,0.442933406094066,25.571722269058228
4602,0.0643157455212241,0.4275849269237797,25.57678484916687
4603,0.06421071083400456,0.4420666575915786,25.58297324180603
4604,0.06410588161752717,0.4267486015475425,25.587862491607666
4605,0.06400125737055765,0.44120240141670675,25.59388518333435
4606,0.06389683760316772,0.4259146794336581,25.60022759437561
4607,0.06379262181711814,0.44034062712193467,25.605470418930054
4608,0.06368860952540702,0.4250831505158284,25.61057186126709
4609,0.0635848002327683,0.43948132431945025,25.616801023483276
4610,0.06348119345510525,0.4242540047839217,25.62168002128601
4611,0.06337778870010341,0.43862448267937637,25.6270592212677
4612,0.06327458548655013,0.4234272322847278,25.63541603088379
4613,0.06317158332506118,0.4377700919298072,25.640477180480957
4614,0.06306878173728703,0.4226028231204301,25.64598059654236
4615,0.06296618023675246,0.43691814185674177,25.65325665473938
4616,0.06286377834795043,0.4217807674487069,25.65826964378357
4617,0.06276157558729376,0.4360686223030588,25.663171529769897
4618,0.06265957148209739,0.42096105548285556,25.670714139938354
4619,0.06255776555164114,0.4352215231685882,25.676033973693848
4620,0.06245615732604159,0.4201436774899616,25.681032180786133
4621,0.06235474632742505,0.4343768344098631,25.685940742492676
4622,0.06225353208868953,0.41932862379229596,25.690954446792603
4623,0.062152514134787215,0.43353454603878483,25.700637817382812
4624,0.06205169200137757,0.4185158847656228,25.706490755081177
4625,0.06195106521621848,0.4326946481234234,25.711976051330566
4626,0.061850633317710894,0.41770545083938665,25.7170352935791
4627,0.0617503958363982,0.4318571307868532,25.722012281417847
4628,0.06165035231340328,0.416897312496039,25.726967573165894
4629,0.06155050228203512,0.4310219842073353,25.734505891799927
4630,0.061450845286118876,0.4160914602711276,25.73943829536438
4631,0.06135138086170925,0.43018919861702465,25.74480628967285
4632,0.06125210855531458,0.41528788475245343,25.749786376953125
4633,0.06115302790571549,0.4293587643026757,25.756258964538574
4634,0.06105413846208431,0.4144865765800829,25.765398263931274
4635,0.060955439765908295,0.4285306716044666,25.770699977874756
4636,0.060856931369004566,0.41368752644564083,25.776100873947144
4637,0.060758612815547744,0.4277049109161251,25.781103134155273
4638,0.060660483659980974,0.41289072509232316,25.786014080047607
4639,0.06056254344914702,0.42688147268430243,25.79103684425354
4640,0.060464791740096405,0.4120961633141136,25.798999309539795
4641,0.060367228082320964,0.4260603474082997,25.803999185562134
4642,0.06026985203546016,0.4113038319557728,25.809617042541504
4643,0.06017266315163614,0.4252415256396656,25.815244674682617
4644,0.06007566099305881,0.41051372191268565,25.820224285125732
4645,0.059978845114462026,0.4244249979815398,25.827080965042114
4646,0.05988221508060783,0.4097258241296882,25.83323335647583
4647,0.059785770448823244,0.42361075508911955,25.838127374649048
4648,0.05968951078640457,0.40894012960151227,25.844085931777954
4649,0.05959343565325361,0.42279878766846585,25.84914207458496
4650,0.05949754461918297,0.4081566293724111,25.854109525680542
4651,0.05940183724665095,0.4219890864765852,25.863470315933228
4652,0.059306313107968675,0.40737531453512504,25.869200229644775
4653,0.059210971768133044,0.42118164232073524,25.874263763427734
4654,0.05911581280193601,0.4065961762312986,25.879748821258545
4655,0.05902083577689518,0.42037644605883356,25.88459825515747
4656,0.05892604027026592,0.405819205650845,25.89178967475891
4657,0.05883142585206871,0.4195734885982081,25.89801335334778
4658,0.05873699210200498,0.40504439403158476,25.90315532684326
4659,0.05864273859258061,0.4187727608957823,25.908496141433716
4660,0.05854866490592589,0.40427173265889477,25.91352105140686
4661,0.05845477061701454,0.4179742539575973,25.918408393859863
4662,0.058361055310388744,0.4035012128656173,25.925633907318115
4663,0.05826751856347277,0.4171779588385306,25.931957244873047
4664,0.05817415996320382,0.40273282603160226,25.93689751625061
4665,0.058080979089439454,0.41638386664163807,25.942206144332886
4666,0.05798797553149514,0.4019665635833318,25.94721293449402
4667,0.057895148871644875,0.4155919685183898,25.95395541191101
4668,0.05780249870156566,0.40120241699358083,25.95911455154419
4669,0.057710024605930985,0.41480225566814205,25.966166019439697
4670,0.05761772617876304,0.4004403777811325,25.970999717712402
4671,0.057525603007118016,0.41401471933750744,25.97638988494873
4672,0.05743365468734685,0.3996804375105606,25.981956243515015
4673,0.05734188080887195,0.41322935082048734,25.988372087478638
4674,0.057250280970356816,0.39892258779207923,25.9934139251709
4675,0.057158854763573574,0.41244614145773334,25.999531745910645
4676,0.05706760178948212,0.3981668202804283,26.00457787513733
4677,0.05697652164218796,0.41166508263635637,26.009925842285156
4678,0.05688561392493166,0.3974131266759056,26.018243312835693
4679,0.0567948782341358,0.41088616579013,26.02322554588318
4680,0.0567043141753057,0.3966614987227485,26.02864718437195
4681,0.05661392134716502,0.4101093823979709,26.034138679504395
4682,0.05652369935746821,0.3959119282099083,26.03913950920105
4683,0.05643364780722411,0.4093347239853824,26.04411506652832
4684,0.056343766306420656,0.39516440696961475,26.052228212356567
4685,0.05625405445833605,0.40856218212243844,26.05720043182373
4686,0.05616451187517627,0.3944189268781488,26.06379747390747
4687,0.056075138162473316,0.40779174842454174,26.068546533584595
4688,0.055985932934635954,0.3936754798552603,26.07364797592163
4689,0.055896895799434285,0.4070234145514758,26.083075046539307
4690,0.05580802637346474,0.3929340578630919,26.08857798576355
4691,0.05571932426672014,0.40625717220778557,26.09421944618225
4692,0.055630789097969494,0.39219465290750066,26.099190950393677
4693,0.0555424204794131,0.405493013141808,26.104454517364502
4694,0.055454218031977615,0.3914572570358693,26.1093852519989
4695,0.0553661813700556,0.40473092914594294,26.11685276031494
4696,0.055278310116716564,0.3907218623383998,26.12179660797119
4697,0.055190603888530365,0.4039709120559368,26.127207279205322
4698,0.05510306231069457,0.38998846094685846,26.132211923599243
4699,0.05501568500194146,0.4032129537508841,26.137160301208496
4700,0.05492847158958214,0.3892570450348873,26.14736294746399
4701,0.05484142169449647,0.4024570461526313,26.152421236038208
4702,0.05475453494609467,0.3885276068173353,26.157301664352417
4703,0.054667810967389416,0.4017031812258074,26.16273784637451
4704,0.0545812493898758,0.3878001385501752,26.169267654418945
4705,0.05449484983868476,0.4009513509773543,26.179028511047363
4706,0.054408611947382036,0.38707463253024976,26.184133529663086
4707,0.05432253534320243,0.40020154745655534,26.188961505889893
4708,0.05423661966176813,0.38635108109487887,26.194639205932617
4709,0.05415086453240346,0.399453762754027,26.1999454498291
4710,0.054065269592773114,0.38562947662150443,26.205687761306763
4711,0.05397983447427676,0.3987079890024203,26.213496446609497
4712,0.05389455881660776,0.3849098115278681,26.218504428863525
4713,0.05380944225322702,0.3979642183752927,26.223321437835693
4714,0.05372448442584267,0.3841920782712384,26.2287335395813
4715,0.05363968496996292,0.39722244308754684,26.233591556549072
4716,0.05355504352929716,0.3834762693483556,26.242431640625
4717,0.05347055974138698,0.39648265539451033,26.248671770095825
4718,0.0533862332519294,0.3827623772954978,26.254067182540894
4719,0.05330206370048565,0.39574484759191386,26.259536504745483
4720,0.05321805073472699,0.38205039468747864,26.264962673187256
4721,0.05313419399622065,0.39500901201611044,26.274455070495605
4722,0.053050493134598795,0.38134031413820463,26.280489206314087
4723,0.052966947793421155,0.3942751410431459,26.285883903503418
4724,0.052883557624267476,0.38063212829960424,26.291404485702515
4725,0.05280032227267652,0.39354322708860173,26.296550273895264
4726,0.05271724139216263,0.3799258298621835,26.304075717926025
4727,0.05263431463023024,0.3928132626073719,26.309141635894775
4728,0.05255154164231537,0.37922141155472283,26.315237045288086
4729,0.052468922077874874,0.3920852400938458,26.32013511657715
4730,0.05238645559425337,0.3785188661427161,26.325786352157593
4731,0.052304141842847096,0.39135915208135114,26.330809831619263
4732,0.05222198048289654,0.37781818642976894,26.337618589401245
4733,0.05213997116772433,0.3906349911417747,26.342692852020264
4734,0.052058113558454105,0.37711936525720297,26.348971128463745
4735,0.051976407310321944,0.3899127498849942,26.35389018058777
4736,0.05189485208632205,0.37642239550235407,26.359201192855835
4737,0.05181344754359116,0.38919242095951123,26.364181995391846
4738,0.051732193346981405,0.37572727007970597,26.373040914535522
4739,0.05165108915551758,0.3884739970516914,26.378612995147705
4740,0.051570134635897505,0.37503398194037313,26.383731842041016
4741,0.05148932944902127,0.3877574708852959,26.388580083847046
4742,0.05140867326342008,0.3743425240717016,26.39352774620056
4743,0.05132816574185685,0.38704283522180594,26.401117086410522
4744,0.051247806554683924,0.373652889496868,26.40668487548828
4745,0.051167595366514704,0.3863300828597117,26.41217565536499
4746,0.051087531849510495,0.37296507127502543,26.417176246643066
4747,0.051007615670122866,0.3856192066343218,26.42206859588623
4748,0.05092784650231023,0.3722790625010889,26.426948070526123
4749,0.05084822401435007,0.38491019941798515,26.43459391593933
4750,0.05076874788198576,0.3715948563046913,26.439502000808716
4751,0.050689417775308734,0.3842030541193233,26.44487690925598
4752,0.05061023337183563,0.37091244585127847,26.449785709381104
4753,0.050531194343459665,0.3834977636830703,26.454626083374023
4754,0.05045230036945902,0.37023182434090024,26.462953567504883
4755,0.0503735511235168,0.38279432108997324,26.46808671951294
4756,0.05029494628666104,0.3695529850082047,26.474853515625
4757,0.05021648553435301,0.3820927193568147,26.479904413223267
4758,0.05013816854935903,0.36887592112241024,26.484753370285034
4759,0.050059995008906635,0.3813929515355505,26.48977279663086
4760,0.049981964597489145,0.36820062598713277,26.50632643699646
4761,0.049904076994088775,0.3806950107138553,26.512080669403076
4762,0.04982633188491426,0.36752709293947655,26.516972541809082
4763,0.04974872895069102,0.3799988900140488,26.521875381469727
4764,0.049671267879331946,0.3668553153507866,26.529881238937378
4765,0.04959394835329414,0.3793045825935727,26.534907817840576
4766,0.04951677006218355,0.3661852866258537,26.539761066436768
4767,0.049439732690177596,0.37861208164449073,26.54543423652649
4768,0.049362835928564115,0.36551700020283606,26.552070140838623
4769,0.04928607946322962,0.37792138039346823,26.55933928489685
4770,0.04920946298713273,0.36485044955302115,26.565619945526123
4771,0.04913298618785779,0.37723247210086186,26.57047176361084
4772,0.049056648760023455,0.3641856281807911,26.577613830566406
4773,0.04898045039290074,0.3765453500613448,26.58258581161499
4774,0.04890439078275732,0.3635225296227882,26.59067440032959
4775,0.04882846962054002,0.3758600076036438,26.596928358078003
4776,0.04875268660415486,0.36286114744904835,26.602137565612793
4777,0.04867704142621333,0.37517643808919715,26.607836961746216
4778,0.04860153378624907,0.3622014752610845,26.612903356552124
4779,0.048526163378527574,0.3744946349137823,26.617863416671753
4780,0.04845092990419951,0.3615435066929594,26.624693870544434
4781,0.04837583305917343,0.3738145915056112,26.630926847457886
4782,0.048300872546206554,0.36088723541057005,26.63592553138733
4783,0.048226048062839956,0.373136301326099,26.64139699935913
4784,0.048151359313426845,0.36023265511152486,26.64647626876831
4785,0.04807680599713013,0.3724597578694044,26.65436625480652
4786,0.04800238781988878,0.3595797595248486,26.659751176834106
4787,0.04792810448247698,0.37178495466192185,26.666024208068848
4788,0.04785395569240922,0.35892854241121885,26.67104482650757
4789,0.04777994115206054,0.3711118852628717,26.67813205718994
4790,0.04770606057051056,0.35827899756183085,26.684733152389526
4791,0.047632313651724933,0.37044054326316245,26.689842462539673
4792,0.04755870010633842,0.35763111879953313,26.696367263793945
4793,0.04748521963989682,0.36977092228563535,26.701465845108032
4794,0.04741187196458003,0.35698489997740857,26.706735849380493
4795,0.047338656787503874,0.36910301598501116,26.71237850189209
4796,0.047265573822383236,0.3563403349790251,26.719831705093384
4797,0.04719262277789397,0.36843681804745315,26.725343227386475
4798,0.047119803369276146,0.35569741771881286,26.73043704032898
4799,0.04704711530675549,0.3677723221906187,26.73529553413391
4800,0.04697455830708734,0.3550561421408105,26.74045181274414
4801,0.046902132082037445,0.36710952216284115,26.749814987182617
4802,0.04682983634986671,0.35441650221923787,26.75476861000061
4803,0.04675767082387085,0.3664484117437138,26.76036500930786
4804,0.04668563522380682,0.3537784919583171,26.76537561416626
4805,0.04661372926449047,0.36578898474349536,26.77026915550232
4806,0.04654195266716517,0.35314210539174506,26.775412797927856
4807,0.0464703051481571,0.36513123500259065,26.784427165985107
4808,0.04639878643018655,0.35250733658265204,26.789371490478516
4809,0.04632739623108045,0.36447515639244377,26.79508638381958
4810,0.04625613427502652,0.3518741796232724,26.80010151863098
4811,0.046185000281342856,0.3638207428145238,26.805119514465332
4812,0.046113993975675095,0.35124262863477135,26.813682556152344
4813,0.04604311507882301,0.3631679881997837,26.818689107894897
4814,0.04597236331788102,0.35061267776764493,26.82408380508423
4815,0.045901738415120984,0.36251688650934183,26.829144954681396
4816,0.04583124009907683,0.3499843212007727,26.834027528762817
4817,0.045760868093483315,0.36186743173416686,26.83881974220276
4818,0.04569062212830456,0.3493575531414935,26.84687113761902
4819,0.0456205019287288,0.36121961789429685,26.851900100708008
4820,0.045550507226141373,0.348732367825549,26.85733461380005
4821,0.045480637747174826,0.36057343903887734,26.86241912841797
4822,0.04541089322462663,0.34810875951734677,26.867408990859985
4823,0.045341273386564365,0.35992888924636174,26.875023365020752
4824,0.04527177796718876,0.3474867225084338,26.88133692741394
4825,0.045202406695993416,0.359285962624365,26.887890577316284
4826,0.04513315930857329,0.3468662511186869,26.893405199050903
4827,0.04506403553583889,0.3586446533086138,26.898412227630615
4828,0.04499503511477081,0.3462473396959064,26.903412580490112
4829,0.04492615777768743,0.35800495546368644,26.911569356918335
4830,0.044857403262946086,0.34562998261491695,26.916714906692505
4831,0.04478877130426421,0.35736686328232914,26.92158603668213
4832,0.044720261641367214,0.3450141742780829,26.9274160861969
4833,0.04465187400936274,0.35673037098576516,26.932392597198486
4834,0.04458360814933557,0.3443999091146621,26.938897132873535
4835,0.04451546379777487,0.35609547282330767,26.94542622566223
4836,0.04444744069711621,0.343787181581196,26.95068049430847
4837,0.044379538585221534,0.35546216307171996,26.9555344581604
4838,0.04431175720586876,0.3431759861608627,26.96113419532776
4839,0.04424409629828398,0.35483043603596814,26.96607518196106
4840,0.044176555607578945,0.34256631736362914,26.9726140499115
4841,0.0441091348743353,0.3542002860477271,26.979104042053223
4842,0.04404183384499039,0.34195816972610105,26.984163284301758
4843,0.04397465226147286,0.35357170746670447,26.991260528564453
4844,0.0439075898715372,0.34135153781062333,26.9963161945343
4845,0.0438406464184507,0.3529446946797713,27.003132104873657
4846,0.04377382165127682,0.3407464162064456,27.008657932281494
4847,0.04370711531461306,0.3523192421003308,27.014913320541382
4848,0.04364052715882363,0.34014279952846116,27.01981234550476
4849,0.043574056929827854,0.3516953441688796,27.025317668914795
4850,0.04350770437928262,0.33954068241745944,27.030409574508667
4851,0.04344146925442092,0.35107299535289044,27.037746906280518
4852,0.043375351308184144,0.338940059539922,27.04334282875061
4853,0.04330935028911076,0.3504521901460857,27.048349142074585
4854,0.04324346595141867,0.3383409255879072,27.05387258529663
4855,0.04317769804494369,0.34983292306856,27.059206247329712
4856,0.04311204632517227,0.3377432752789688,27.066609382629395
4857,0.04304651054322936,0.3492151886662488,27.071661233901978
4858,0.04298109045586224,0.3371471033561247,27.076853036880493
4859,0.04291578581547704,0.34859898151160695,27.081767797470093
4860,0.04285059638007384,0.33655240458692515,27.0868079662323
4861,0.04278552190333201,0.347984296202887,27.09672713279724
4862,0.042720562144496765,0.3359591737641394,27.102275371551514
4863,0.04265571685851283,0.3473711273645075,27.107420444488525
4864,0.04259098580586274,0.33536740570537354,27.112610816955566
4865,0.04252636874274867,0.3467594696453772,27.1175217628479
4866,0.04246186543088287,0.3347770952527184,27.122433185577393
4867,0.042397475627717326,0.3461493177211031,27.13122010231018
4868,0.04233319909618627,0.3341882372728492,27.13629913330078
4869,0.04226903559498366,0.34554066629163943,27.141348600387573
4870,0.042204984888258384,0.33360082665711327,27.146626710891724
4871,0.04214104673593863,0.34493351008231676,27.151674032211304
4872,0.0420772209033803,0.3330148583205437,27.158616065979004
4873,0.04201350715173832,0.3443278438437018,27.164397478103638
4874,0.04194990524756812,0.3324303272024332,27.169405460357666
4875,0.04188641495324381,0.34372366235086316,27.17445158958435
4876,0.04182303603651304,0.33184722826608126,27.179678916931152
4877,0.04175976826096153,0.3431209604036211,27.184701204299927
4878,0.041696611395521825,0.331265556498841,27.194443941116333
4879,0.041633565204983805,0.342519732826356,27.19963049888611
4880,0.04157062945945761,0.3306853069110672,27.204640865325928
4881,0.04150780392492989,0.3419199744680734,27.21050500869751
4882,0.04144508837268117,0.33010647453692177,27.2156503200531
4883,0.04138248256988746,0.3413216802015508,27.223076343536377
4884,0.041319986288992576,0.3295290544340395,27.228703022003174
4885,0.04125759929835465,0.34072484492417704,27.233821392059326
4886,0.04119532137157347,0.32895304168289236,27.238712310791016
4887,0.04113315227818227,0.34012946355716644,27.24395489692688
4888,0.041071091792929636,0.3283784313873855,27.248965740203857
4889,0.041009139686516545,0.33953553104507145,27.257750749588013
4890,0.04094729573483367,0.32780521867452633,27.263692378997803
4891,0.04088555970974253,0.33894304235662764,27.268774271011353
4892,0.04082393138826877,0.3272333986935873,27.273801565170288
4893,0.04076241054342746,0.33835199248400843,27.278923988342285
4894,0.04070099695337234,0.32666296661702976,27.28638792037964
4895,0.04063969039226496,0.33776237644290835,27.29190182685852
4896,0.04057849063938019,0.32609391763940726,27.29908275604248
4897,0.040517397470019124,0.33717418927190285,27.30403780937195
4898,0.04045641066457108,0.3255262469781773,27.30905294418335
4899,0.040395529999469694,0.33658742603283837,27.314056396484375
4900,0.04033475525621184,0.3249599498726135,27.32072114944458
4901,0.040274086212356904,0.33600208181063995,27.32583212852478
4902,0.04021352265050269,0.3243950215845985,27.331302404403687
4903,0.04015306434932742,0.3354181517131955,27.33623504638672
4904,0.04009271109252309,0.32383145739743857,27.341148138046265
4905,0.04003246265987999,0.33483563087081114,27.34625816345215
4906,0.03997231883617778,0.32326925261699546,27.3529531955719
4907,0.039912279402312144,0.334254514436766,27.35802936553955
4908,0.0398523441441436,0.32270840257023875,27.36352515220642
4909,0.03979251284366656,0.33367479758634955,27.368455410003662
4910,0.03973278528781612,0.3221489026063033,27.373342752456665
4911,0.03967316125967862,0.33309647551753807,27.378458499908447
4912,0.03961364054725721,0.3215907480956899,27.38527822494507
4913,0.039554222934723646,0.33251954345014456,27.390358924865723
4914,0.03949490821114259,0.3210339344299534,27.39786958694458
4915,0.039435696161764774,0.3319439966266505,27.402981519699097
4916,0.03937658657671001,0.32047845702238137,27.407941341400146
4917,0.03931757924230145,0.3313698303107988,27.41455054283142
4918,0.03925867394970768,0.31992431130713894,27.419928073883057
4919,0.0391998704863178,0.33079703978846753,27.425039291381836
4920,0.039141168644342944,0.3193714927395978,27.43013048171997
4921,0.03908256821223179,0.33022562036719405,27.434982538223267
4922,0.03902406898323165,0.31881999679545714,27.439810514450073
4923,0.03896567074684444,0.32965556737614643,27.446295976638794
4924,0.038907373297347544,0.3182698189721217,27.451661109924316
4925,0.038849176425289775,0.32908687616578874,27.456622838974
4926,0.03879107992597226,0.3177209547866165,27.461763858795166
4927,0.038733083590984534,0.3285195421080816,27.466660737991333
4928,0.038675187216645465,0.31717339977731607,27.471524238586426
4929,0.03861739059557896,0.32795356059587055,27.478009939193726
4930,0.03855969352511552,0.3166271495026621,27.483368396759033
4931,0.038502095798907315,0.32738892704325323,27.488227605819702
4932,0.03844459721529048,0.3160821995415243,27.493602991104126
4933,0.03838719756893921,0.3268256368852331,27.500036001205444
4934,0.03832989665918929,0.31553854549266386,27.50501799583435
4935,0.03827269428173093,0.3262636855776534,27.51266622543335
4936,0.03821559023689354,0.31499618297538684,27.51774287223816
4937,0.038158584321377316,0.32570306859719916,27.522597312927246
4938,0.038101676336499316,0.31445510762835704,27.52778697013855
4939,0.03804486607996371,0.3251437814407029,27.532688856124878
4940,0.03798815335406951,0.31391531511053744,27.53751230239868
4941,0.0379315379575188,0.3245858196258991,27.544108152389526
4942,0.03787501969358667,0.31337680110053756,27.549248695373535
4943,0.03781859836196727,0.3240291786908979,27.55428194999695
4944,0.03776227376690586,0.3128395612963747,27.560139179229736
4945,0.03770604570908277,0.32347385419345137,27.565142154693604
4946,0.03764991399370785,0.31230359141577746,27.569979667663574
4947,0.03759387842244174,0.3229198417121941,27.575528383255005
4948,0.03753793880145298,0.31176888719543633,27.580994606018066
4949,0.037482094933376814,0.3223671368454735,27.585901021957397
4950,0.037426346625334964,0.3112354443920752,27.59083580970764
4951,0.03737069368093143,0.3218157352112775,27.59595251083374
4952,0.03731513590823534,0.3107032587807533,27.60235595703125
4953,0.03725967311181385,0.32126563244778794,27.60801076889038
4954,0.03720430510067792,0.3101723261561455,27.613494634628296
4955,0.037149031680352086,0.3207168242122713,27.618461847305298
4956,0.03709385266078373,0.3096426423317527,27.623379707336426
4957,0.0370387678484491,0.32016930618221834,27.62861394882202
4958,0.03698377705422641,0.3091142031396918,27.633485555648804
4959,0.03692888008553805,0.31962307405415014,27.63901400566101
4960,0.036874076754187565,0.3085870044310043,27.644559144973755
4961,0.03681936686853799,0.3190781235442316,27.649625301361084
4962,0.036764750241312774,0.30806104207536383,27.65447974205017
4963,0.03671022668180998,0.31853445038714234,27.660045623779297
4964,0.03665579600366761,0.307536311961113,27.665005445480347
4965,0.03660145801711333,0.3179920503375037,27.67080068588257
4966,0.036547212536694254,0.3070128099944921,27.676526069641113
4967,0.03649305937356222,0.31745091916853907,27.681798458099365
4968,0.03643899834316823,0.30649053210080296,27.68670344352722
4969,0.03638502925758276,0.31691105267227593,27.69178867340088
4970,0.03633115193315538,0.30596947422293336,27.69682812690735
4971,0.03627736618286996,0.31637244665963293,27.704097747802734
4972,0.036223671823969336,0.30544963232200784,27.709794282913208
4973,0.03617006867034543,0.31583509696062656,27.714982509613037
4974,0.036116556540129185,0.304931002377313,27.719881057739258
4975,0.03606313524811515,0.3152989994230699,27.724965810775757
4976,0.03600980461331727,0.3044135803861231,27.730036735534668
4977,0.03595656445142757,0.3147641499139609,27.735552549362183
4978,0.035903414582337714,0.3038973623630623,27.740509748458862
4979,0.03585035482263198,0.3142305443184181,27.74587917327881
4980,0.03579738499307468,0.30338234434082545,27.75089383125305
4981,0.03574450491113718,0.31369817853969084,27.755735397338867
4982,0.03569171439845133,0.3028685223696778,27.76090359687805
4983,0.03563901327337042,0.3131670484992169,27.767369270324707
4984,0.035586401358388864,0.30235589251748834,27.772433519363403
4985,0.03553387847273674,0.3126371501366648,27.77760601043701
4986,0.03548144443976599,0.30184445086915074,27.782490015029907
4987,0.03542909907957838,0.3121084794094762,27.787339448928833
4988,0.035376842216378414,0.3013341935272831,27.79291343688965
4989,0.03532467367113461,0.3115810322933486,27.799111127853394
4990,0.035272593268899026,0.3008251166114135,27.805641889572144
4991,0.035220600831501817,0.31105480478124026,27.81088638305664
4992,0.035168696184837804,0.30031721625837576,27.815826654434204
4993,0.03511687915159384,0.3105297928841682,27.82067060470581
4994,0.035065149558502574,0.2998104886218818,27.82728385925293
4995,0.03501350722910253,0.3100059926301293,27.83263397216797
4996,0.03496195199095952,0.2993049298730783,27.837527751922607
4997,0.03491048366845882,0.30948340006530656,27.84319257736206
4998,0.03485910208999443,0.29880053619899666,27.848161458969116
4999,0.03480780708079366,0.3089620112531874,27.85301184654236
5000,0.03475659847007386,0.2982973038041816,27.85940933227539
5001,0.03470547608389947,0.30844182227397765,27.864766597747803
5002,0.03465443975230664,0.29779522890960586,27.869685649871826
5003,0.034603489302191995,0.3079228292253312,27.874773263931274
5004,0.034552624564405755,0.29729430775303883,27.879801034927368
5005,0.03450184536667203,0.30740502822211985,27.884662866592407
5006,0.03445115154065038,0.2967945365878908,27.89093017578125
5007,0.03440054291488769,0.306888415396417,27.896618843078613
5008,0.03435001932184824,0.296295911684988,27.90164613723755
5009,0.034299580590896994,0.3063729868967948,27.908279418945312
5010,0.034249226555298176,0.2957984293304934,27.913485288619995
5011,0.03419895704523016,0.30585873888844817,27.918433666229248
5012,0.034148771894752836,0.2953020858278892,27.92516303062439
5013,0.03409867093485322,0.3053456675541202,27.930616855621338
5014,0.03404865400038209,0.2948068774954747,27.935787200927734
5015,0.033998720923130596,0.3048337690922869,27.94314932823181
5016,0.03394887153873598,0.2943128006684886,27.955522775650024
5017,0.033899105679788856,0.30432303971833197,27.984606981277466
5018,0.03384942318270852,0.2938198516980664,27.992669343948364
5019,0.03379982388088051,0.30381347566404887,28.023576736450195
5020,0.0337503076115016,0.29332802695067045,28.031945943832397
5021,0.03370087420874772,0.30330507317751637,28.05177330970764
5022,0.03365152351058879,0.2928373228088592,28.06551218032837
5023,0.03360225535198669,0.30279782852356574,28.082988739013672
5024,0.03355306957167991,0.2923477356706248,28.11303186416626
5025,0.03350396600541186,0.302291737982437,28.12833046913147
5026,0.03345494449268538,0.29185926194986384,28.15077781677246
5027,0.0334060048700209,0.3017867978510125,28.16706395149231
5028,0.03335714697768116,0.29137189807562214,28.175096035003662
5029,0.03330837065295929,0.3012830044418777,28.18663215637207
5030,0.03325967573687365,0.29088564049266674,28.19291663169861
5031,0.03321106206748564,0.30078035408362463,28.19814920425415
5032,0.03316252948656502,0.2904004856610058,28.20301127433777
5033,0.03311407783293706,0.300278843120531,28.213593244552612
5034,0.03306570694911867,0.2899164300558053,28.218764543533325
5035,0.03301741667469472,0.2997784679129015,28.224343061447144
5036,0.03296920685292505,0.28943347016767695,28.229443311691284
5037,0.03292107732414977,0.2992792248362141,28.234485149383545
5038,0.032873027932367495,0.28895160250212454,28.244832038879395
5039,0.03282505851866935,0.29878111028206256,28.2498459815979
5040,0.032777168927788425,0.28847082357921827,28.254704236984253
5041,0.0327293590015627,0.29828412065739296,28.26034116744995
5042,0.032681628585455716,0.2879911299345647,28.265784740447998
5043,0.03263397752204798,0.29778825238409085,28.272307872772217
5044,0.03258640565752935,0.2875125181183872,28.278732538223267
5045,0.0325389128352188,0.29729350190014636,28.283778429031372
5046,0.032491498902028404,0.287034984695739,28.288683891296387
5047,0.03244416370201134,0.29679986565792743,28.29460883140564
5048,0.032396907082797854,0.2865585262461907,28.29963207244873
5049,0.03234972888917128,0.29630734012549675,28.306631565093994
5050,0.03230262896947603,0.28608313936406615,28.312910079956055
5051,0.0322556071692215,0.2958159217860717,28.318093299865723
5052,0.03220866333746217,0.2856088206581594,28.324102878570557
5053,0.03216179732042941,0.2953256071372891,28.329159259796143
5054,0.032115008967883954,0.2851355667517468,28.3340802192688
5055,0.032068298126775044,0.29483639269220463,28.340983152389526
5056,0.03202166464756554,0.28466337428217486,28.348697423934937
5057,0.031975108377918705,0.2943482749785703,28.353748083114624
5058,0.03192862916899571,0.28419223990157894,28.35927414894104
5059,0.03188222686916978,0.29386125053893736,28.364179611206055
5060,0.031835901330296304,0.28372216027598623,28.371288776397705
5061,0.03178965240145457,0.29337531593011834,28.378390312194824
5062,0.031743479935190555,0.2832531320857862,28.383622884750366
5063,0.03169738378128547,0.29289046772380006,28.38853144645691
5064,0.03165136379297202,0.2827851520250955,28.400593757629395
5065,0.031605419820729536,0.29240670250641626,28.40824842453003
5066,0.03155955171847354,0.282318216802295,28.41364884376526
5067,0.031513759337377656,0.29192401687879027,28.418152332305908
5068,0.03146804253203639,0.28185232313919023,28.423305988311768
5069,0.031422401154313814,0.2914424074559259,28.42944645881653
5070,0.031376835059479656,0.2813874677720659,28.435424089431763
5071,0.03133134410008456,0.2909618708668263,28.44016194343567
5072,0.03128592813206986,0.28092364745100284,28.445884943008423
5073,0.03124058700866888,0.2904824037550309,28.452210426330566
5074,0.03119532058649068,0.280460858939123,28.457216262817383
5075,0.031150128719447646,0.29000400277834326,28.462521076202393
5076,0.03110501126481295,0.2799990990134288,28.46831512451172
5077,0.031059968077174135,0.2895266646085714,28.47324562072754
5078,0.031014999014464854,0.2795383644649662,28.47827696800232
5079,0.030970103931944118,0.2890503859309939,28.483119010925293
5080,0.030925282688202244,0.2790786520974346,28.48833417892456
5081,0.030880535139166138,0.2885751634453709,28.493281364440918
5082,0.03083586114407926,0.2786199587285892,28.499958276748657
5083,0.030791260559532522,0.2881009938650874,28.50524592399597
5084,0.03074673324541898,0.2781622811892241,28.510439157485962
5085,0.03070227905899002,0.2876278739174283,28.515308141708374
5086,0.030657897860784565,0.277705616323338,28.52013897895813
5087,0.030613589508710806,0.287155800342938,28.52495241165161
5088,0.030569353863950113,0.2772499609882718,28.53085994720459
5089,0.03052519078506387,0.28668476989643304,28.535840034484863
5090,0.03048110013387225,0.27679531205440694,28.54149293899536
5091,0.030437081769586267,0.286214779345688,28.546635389328003
5092,0.03039313555466144,0.27634166640522484,28.55300211906433
5093,0.030349261348954805,0.28574582547235483,28.55856204032898
5094,0.03030545901555376,0.27588902093715106,28.564318895339966
5095,0.030261728414957813,0.2852779050710118,28.56918454170227
5096,0.03021806941088275,0.2754373725594427,28.574227333068848
5097,0.030174481864467084,0.2848110149503432,28.579238891601562
5098,0.03013096564005153,0.27498671819436965,28.5842924118042
5099,0.030087520599410028,0.28434515193124,28.58924126625061
5100,0.03004414660750488,0.2745370547769826,28.59519863128662
5101,0.03000084352674201,0.2838803128486815,28.600878715515137
5102,0.029957611222701845,0.27408837925478535,28.605860471725464
5103,0.02991444955841887,0.2834164945504304,28.610942363739014
5104,0.029871358400088248,0.2736406885884254,28.615787267684937
5105,0.029828337611369535,0.2829536938970144,28.620701551437378
5106,0.029785387059069357,0.27319397975050097,28.626633882522583
5107,0.029742506607468962,0.2824919077625908,28.631842613220215
5108,0.029699696123983023,0.27274824972667044,28.636715412139893
5109,0.029656955473511118,0.2820311330337129,28.64191198348999
5110,0.029614284524072672,0.2723034955145916,28.64682626724243
5111,0.029571683141182227,0.2815713666100719,28.65220832824707
5112,0.02952915119346059,0.27185971412454857,28.659586191177368
5113,0.029486688547033957,0.2811126054036821,28.664950609207153
5114,0.029444295071121406,0.2714169025793071,28.669934272766113
5115,0.029401970632457388,0.28065484634008653,28.67524218559265
5116,0.02935971510085584,0.27097505791351095,28.680161714553833
5117,0.02931752834365624,0.2801980863566528,28.686487913131714
5118,0.029275410231264273,0.270534177174228,28.691783905029297
5119,0.029233360631621134,0.27974232240390995,28.69696354866028
5120,0.029191379415720954,0.27009425742056914,28.701873302459717
5121,0.029149466452103402,0.2792875514445129,28.707743406295776
5122,0.029107621612347954,0.2696552957237358,28.712759494781494
5123,0.029065844765589446,0.27883377045372565,28.718116283416748
5124,0.02902413578398951,0.269217289167082,28.723317623138428
5125,0.028982494537275024,0.2783809764192128,28.728695154190063
5126,0.02894092089818658,0.26878023484558045,28.73369574546814
5127,0.0288994147370399,0.2779291663411191,28.738611698150635
5128,0.02885797592715142,0.2683441298662408,28.74374532699585
5129,0.028816604339422423,0.2774783372314872,28.749977588653564
5130,0.028775299847742217,0.2679089713480778,28.760243892669678
5131,0.02873406232359452,0.27702848611465,28.766024827957153
5132,0.028692891641438345,0.2674747564218385,28.77090549468994
5133,0.0286517876733367,0.2765796100273591,28.776313543319702
5134,0.02861075029431522,0.2670414822293996,28.782954931259155
5135,0.02856977937701321,0.27613170601857245,28.78854203224182
5136,0.02852887479701974,0.26660914592487156,28.797701358795166
5137,0.028488036427547252,0.2756847711484054,28.802797317504883
5138,0.028447264144745445,0.2661777446738746,28.807762145996094
5139,0.028406557822396768,0.27523880248972893,28.813060522079468
5140,0.02836591733720844,0.2657472756532968,28.818965673446655
5141,0.02832534256352987,0.2747937971269796,28.824260234832764
5142,0.028284833378622826,0.26531773605173586,28.829444646835327
5143,0.028244389657400677,0.2743497521564836,28.83429765701294
5144,0.0282040112776768,0.2648891230689967,28.839114665985107
5145,0.028163698114925445,0.27390666468636704,28.84445309638977
5146,0.02812345004750854,0.26446143391618354,28.84992265701294
5147,0.028083266951458342,0.27346453183640035,28.85487413406372
5148,0.02804314870568251,0.26403466581612056,28.861449003219604
5149,0.02800309518676812,0.2730233507375798,28.866625785827637
5150,0.02796310627416566,0.2636088160024356,28.87207055091858
5151,0.027923181845014258,0.27258311853363537,28.879204511642456
5152,0.027883321779304162,0.2631838817197616,28.884215593338013
5153,0.027843525954723586,0.27214383237881506,28.889106035232544
5154,0.027803794251799744,0.26275986022434233,28.894155740737915
5155,0.02776412654876701,0.2717054894391106,28.89897847175598
5156,0.027724522726686705,0.26233674878309415,28.90386652946472
5157,0.027684982664336385,0.27126808689189613,28.911437511444092
5158,0.02764550624330867,0.2619145446742049,28.916480541229248
5159,0.02760609334292145,0.2708316219261934,28.921401500701904
5160,0.027566743845295828,0.26149324518656414,28.927015781402588
5161,0.02752745763028705,0.27039609174161294,28.932023763656616
5162,0.02748823458054194,0.2610728476202233,28.936893463134766
5163,0.027449074576450377,0.26996149354982807,28.943057537078857
5164,0.027409977501181952,0.2606533492856278,28.948240280151367
5165,0.027370943235658363,0.26952782457335367,28.95322322845459
5166,0.027331971663569293,0.26023474750434195,28.958353757858276
5167,0.027293062666365372,0.2690950820457289,28.96492600440979
5168,0.02725421612825362,0.25981703960861613,28.969903230667114
5169,0.027215431931210836,0.26866326321166567,28.975417137145996
5170,0.027176709959958575,0.2594002229413721,28.980667114257812
5171,0.02713805009699701,0.2682323653265992,28.98741602897644
5172,0.02709945222755964,0.258984294856132,28.99325394630432
5173,0.02706091623466719,0.2678023856573565,28.998173236846924
5174,0.027022442004062286,0.25856925271672876,29.00639247894287
5175,0.02698402941928357,0.2673733214816652,29.012084007263184
5176,0.026945678366580097,0.25815509389783337,29.017070531845093
5177,0.026907388730005706,0.26694517008771085,29.022005796432495
5178,0.026869160396313256,0.2577418157846298,29.027302742004395
5179,0.02683099325006889,0.26651792877441904,29.032248973846436
5180,0.02679288717852668,0.2573294157724325,29.039612770080566
5181,0.02675484206676248,0.2660915948519098,29.045127868652344
5182,0.026716857802528915,0.25691789126699954,29.05013084411621
5183,0.026678934271408907,0.26566616564109047,29.05500626564026
5184,0.026641071361650843,0.2565072396840968,29.060160160064697
5185,0.026603268959342077,0.26524163847281124,29.069689512252808
5186,0.026565526953224318,0.25609745845030446,29.07498049736023
5187,0.02652784522988661,0.2648180106890769,29.080186367034912
5188,0.026490223678561395,0.2556885450021183,29.085047245025635
5189,0.026452662186336816,0.2643952796422239,29.090036869049072
5190,0.026415160642933373,0.2552804967859557,29.095701932907104
5191,0.02637771893593572,0.2639734426948615,29.10237693786621
5192,0.02634033695554995,0.25487331125880297,29.107499837875366
5193,0.026303014589854585,0.2635524972203619,29.11308002471924
5194,0.02626575172953873,0.25446698588728733,29.117981910705566
5195,0.026228548263172245,0.2631324406022395,29.12296772003174
5196,0.026191404081924705,0.2540615181481341,29.12796425819397
5197,0.026154319074854708,0.2627132702343247,29.134703397750854
5198,0.02611729313360982,0.2536569055282097,29.139763832092285
5199,0.026080326147734856,0.26229498352102043,29.145148754119873
5200,0.026043418009352858,0.2532531455238917,29.15092444419861
5201,0.026006568608492264,0.2618775778764474,29.155925989151
5202,0.02596977783774911,0.25285023564171144,29.160919666290283
5203,0.02593304558763298,0.26146105072518744,29.168579578399658
5204,0.02589637175121052,0.25244817339798936,29.173765420913696
5205,0.02585975621946992,0.26104539950190814,29.17873191833496
5206,0.025823198885945885,0.2520469563185776,29.183581829071045
5207,0.02578669964210278,0.2606306216511978,29.188507795333862
5208,0.025750258381940963,0.25164658193933176,29.193502187728882
5209,0.025713874997398425,0.260216714627888,29.199373960494995
5210,0.025677549382938803,0.2512470478051981,29.20491647720337
5211,0.025641281430971306,0.2598036758966413,29.210111379623413
5212,0.025605071036420433,0.25084835147143625,29.21500253677368
5213,0.025568918092164154,0.25939150293215235,29.219871520996094
5214,0.025532822493585364,0.25045049050241247,29.22481870651245
5215,0.025496784134028387,0.25898019321854837,29.230852127075195
5216,0.025460802909332236,0.25005346247226273,29.23590326309204
5217,0.025424878713305128,0.2585697442503091,29.240899562835693
5218,0.025389011442239734,0.24965726496386273,29.24587893486023
5219,0.02535320099040587,0.25816015353153293,29.250744342803955
5220,0.02531744725454758,0.2492618955708,29.255620002746582
5221,0.025281750129393814,0.2577514185758607,29.26241445541382
5222,0.025246109512137595,0.24886735189472747,29.26904606819153
5223,0.025210525297964664,0.257343536906591,29.274245262145996
5224,0.025174997384514806,0.24847363154761912,29.279271602630615
5225,0.025139525667428175,0.2569365060569241,29.28419327735901
5226,0.025104110044788935,0.24808073215014986,29.292115926742554
5227,0.025068750412689286,0.2565303235691853,29.297351121902466
5228,0.025033446669655544,0.247688651332292,29.302329778671265
5229,0.024998198712229677,0.25612498699579894,29.307400465011597
5230,0.02496300643937785,0.24729738673336485,29.313395500183105
5231,0.024927869748089436,0.2557204938983218,29.31847882270813
5232,0.024892788537768176,0.2469069360016353,29.32432198524475
5233,0.0248577627058486,0.25531684184773934,29.32974147796631
5234,0.024822792152169766,0.24651729679452533,29.33467674255371
5235,0.024787876774609093,0.2549140284246823,29.339711666107178
5236,0.024753016473438694,0.24612846677858616,29.344738006591797
5237,0.024718211146976556,0.25451205121860987,29.34975504875183
5238,0.024683460695925717,0.24574044362943065,29.356505870819092
5239,0.024648765019042534,0.2541109078290867,29.362059831619263
5240,0.024614124017458577,0.2453532250312957,29.367554664611816
5241,0.024579537590366317,0.2537105958639905,29.3745276927948
5242,0.02454500563932388,0.24496680867796145,29.379466772079468
5243,0.024510528063957537,0.25331111294098263,29.38578963279724
5244,0.024476104766249684,0.24458119227146155,29.391214609146118
5245,0.024441735646258244,0.25291245668659634,29.396477222442627
5246,0.024407420606387734,0.24419637352305698,29.401373386383057
5247,0.02437315954712555,0.25251462473706343,29.406416177749634
5248,0.024338952371296102,0.2438123501523722,29.411587238311768
5249,0.02430479897981402,0.2521176147369707,29.41798186302185
5250,0.024270699275921577,0.24342911988825439,29.423246383666992
5251,0.02423665316095849,0.25172142434040545,29.428701877593994
5252,0.024202660538582672,0.24304668046789846,29.43409776687622
5253,0.024168721310556737,0.2513260512101969,29.441147327423096
5254,0.024134835380952173,0.24266502963733103,29.44616389274597
5255,0.024101002651952367,0.2509314930181106,29.45190167427063
5256,0.02406722302804029,0.24228416515138068,29.456947565078735
5257,0.024033496411817894,0.25053774744488666,29.46241545677185
5258,0.02399982270817753,0.241904084773112,29.467346668243408
5259,0.023966201820137686,0.25014481218034285,29.475085496902466
5260,0.023932633652997953,0.2415247862740198,29.481384992599487
5261,0.02389911811019117,0.24975268492272576,29.486621618270874
5262,0.023865655097422243,0.24114626743477632,29.491642475128174
5263,0.023832244518536223,0.24936136337921422,29.496854782104492
5264,0.02379888627964119,0.2407685260438395,29.501770973205566
5265,0.0237655802849924,0.24897084526565624,29.50676918029785
5266,0.023732326441099044,0.24039155989825745,29.513379096984863
5267,0.023699124652624484,0.24858112830684442,29.518786430358887
5268,0.023665974826477077,0.2400153668038171,29.52437114715576
5269,0.023632876867726176,0.24819221023575322,29.529422521591187
5270,0.023599830683677145,0.2396399445739253,29.53433847427368
5271,0.023566836179803458,0.24780408879449223,29.539191246032715
5272,0.023533893263805457,0.23926529103075048,29.544596672058105
5273,0.02350100184155865,0.24741676173333618,29.550028562545776
5274,0.02346816182115643,0.23889140400478337,29.555333852767944
5275,0.023435373108874197,0.24703022681127298,29.56052017211914
5276,0.02340263561319648,0.23851828133445693,29.565486431121826
5277,0.023369949240796592,0.2466444817956591,29.570424556732178
5278,0.023337313900548176,0.23814592086668912,29.580527305603027
5279,0.02330472949952049,0.24625952446234728,29.58563470840454
5280,0.02327219594697433,0.2377743204562492,29.590982675552368
5281,0.023239713150372838,0.24587535259560186,29.59610867500305
5282,0.023207281019362057,0.2374034779660973,29.60102152824402
5283,0.02317489946179707,0.24549196398782308,29.605918645858765
5284,0.023142568387707216,0.23703339126736825,29.61178493499756
5285,0.023110287705337546,0.245109356440097,29.61684823036194
5286,0.023078057325098725,0.23666405823897757,29.621885776519775
5287,0.02304587715562386,0.24472752776163903,29.62693762779236
5288,0.02301374710770306,0.23629547676818502,29.632055044174194
5289,0.022981667090355484,0.2443464757696065,29.637790203094482
5290,0.022949637014748798,0.23592764474966624,29.64370083808899
5291,0.022917656790286303,0.2439661982901577,29.64879560470581
5292,0.022885726328511304,0.23556056008631074,29.65369200706482
5293,0.022853845539209335,0.24358669315673742,29.65877079963684
5294,0.022822014334297494,0.23519422068915222,29.663639068603516
5295,0.02279023262394161,0.24320795821131103,29.668498992919922
5296,0.02275850032043062,0.23482862447639866,29.67642116546631
5297,0.02272681733430888,0.2428299913040717,29.681504487991333
5298,0.022695183578235308,0.23446376937459762,29.686474800109863
5299,0.022663598963130756,0.24245279029289546,29.692173957824707
5300,0.022632063402022375,0.23409965331775054,29.697182416915894
5301,0.022600576806205648,0.24207635304387085,29.70352554321289
5302,0.022569139089074104,0.23373627424790788,29.709038019180298
5303,0.022537750162296,0.24170067743092777,29.714350700378418
5304,0.02250640993962941,0.2333736301144401,29.719399213790894
5305,0.022475118333113536,0.24132576133639155,29.724469900131226
5306,0.02244387525686916,0.23301171887457212,29.72950005531311
5307,0.02241268062330452,0.24095160264962848,29.734816312789917
5308,0.02238153434690134,0.23265053849311743,29.74005937576294
5309,0.022350436340435133,0.24057819926856636,29.74618148803711
5310,0.022319386518746685,0.23229008694231865,29.75127363204956
5311,0.022288384794977002,0.24020554909886538,29.756396055221558
5312,0.022257431084324205,0.23193036220221863,29.761434078216553
5313,0.02222652530029289,0.23983365005370452,29.766732931137085
5314,0.02219566735843675,0.23157136226018027,29.77196717262268
5315,0.022164857172622194,0.23946250005415326,29.778958797454834
5316,0.022134094658756702,0.231213085110947,29.78403377532959
5317,0.022103379731066734,0.2390920970290433,29.78903341293335
5318,0.022072712305811815,0.23085552875695367,29.794323921203613
5319,0.02204209229757664,0.23872243891477002,29.801623821258545
5320,0.022011519622971043,0.23049869120785485,29.806631803512573
5321,0.021980994196936218,0.23835352365556722,29.81213641166687
5322,0.02195051593643047,0.230142570480539,29.817087650299072
5323,0.021920084756749815,0.23798534920282702,29.82203435897827
5324,0.021889700575199417,0.2297871645997552,29.82706880569458
5325,0.021859363307428183,0.23761791351595957,29.83278465270996
5326,0.021829072871086486,0.2294324715971304,29.838142156600952
5327,0.02179882918217445,0.23725121456188514,29.843904733657837
5328,0.02176863215868583,0.22907848951120652,29.848956823349
5329,0.021738481716970237,0.23688525031476293,29.854426383972168
5330,0.021708377775363254,0.22872521638857732,29.85958480834961
5331,0.021678320250562284,0.23652001875651046,29.86545753479004
5332,0.021648309061242866,0.22837265028227996,29.87048649787903
5333,0.021618344124448505,0.23615551787614025,29.87575650215149
5334,0.021588425359193152,0.22802078925316632,29.88253903388977
5335,0.02155855268286469,0.23579174567012184,29.887516975402832
5336,0.021528726014813784,0.22766963136884147,29.894007682800293
5337,0.021498945272770964,0.2354287001423346,29.899357557296753
5338,0.021469210376422007,0.22731917470405288,29.904313325881958
5339,0.02143952124383844,0.23506637930438778,29.90990447998047
5340,0.021409877795039466,0.2269694173406497,29.915053606033325
5341,0.02138027994843596,0.2347047811745038,29.92010188102722
5342,0.021350727624378864,0.22662035736739214,29.92560601234436
5343,0.021321220741616697,0.23434390377831765,29.930984020233154
5344,0.02129175922083061,0.2262719928798788,29.935876607894897
5345,0.021262342981105194,0.23398374514961265,29.9409601688385
5346,0.021232971943450092,0.22592432198112722,29.94591450691223
5347,0.02120364602728425,0.2336243033279498,29.950732231140137
5348,0.021174365153944275,0.2255773427807928,29.955737829208374
5349,0.021145129243181925,0.2332655763609698,29.961578607559204
5350,0.02111593821665907,0.22523105339554567,29.96726894378662
5351,0.021086791994458565,0.23290756230289383,29.972391366958618
5352,0.021057690498566095,0.22488545194893714,29.977418184280396
5353,0.021028633649394016,0.23255025921552794,29.98382329940796
5354,0.02099962136925019,0.22454053657130227,29.98914408683777
5355,0.020970653578874843,0.23219366516718248,29.99479579925537
5356,0.020941730200896503,0.22419630539975782,30.00040912628174
5357,0.020912851156381664,0.23183777823391521,30.005516529083252
5358,0.020884016368277872,0.22385275657812925,30.010605573654175
5359,0.020855225757976395,0.23148259649808867,30.017223119735718
5360,0.02082647924874223,0.22350988825705306,30.02336549758911
5361,0.020797776762289825,0.23112811804966588,30.02872085571289
5362,0.020769118222200116,0.22316769859382282,30.033656358718872
5363,0.02074050355050908,0.23077434098489702,30.039174795150757
5364,0.020711932671112133,0.2228261857526789,30.044400215148926
5365,0.02068340550636529,0.23042126340737312,30.04926586151123
5366,0.02065492198047671,0.22248534790390267,30.05505084991455
5367,0.02062648201612096,0.23006888342726226,30.061371326446533
5368,0.02059808553781766,0.22214518322534627,30.06654930114746
5369,0.020569732468558186,0.2297171991616244,30.071444272994995
5370,0.02054142273317204,0.2218056899005103,30.077473640441895
5371,0.020513156254966036,0.22936620873466484,30.084455728530884
5372,0.020484932959077978,0.22146686611991565,30.08972406387329
5373,0.020456752769128568,0.2290159102767598,30.095155239105225
5374,0.02042861561056248,0.22112871008066873,30.10003089904785
5375,0.020400521407312765,0.22866630192554166,30.10549783706665
5376,0.02037247008512953,0.22079121998628742,30.11052656173706
5377,0.02034446156825661,0.22831738182504618,30.115787506103516
5378,0.020316495782748016,0.22045439404643782,30.12165355682373
5379,0.020288572653156988,0.22796914812622032,30.127347946166992
5380,0.020260692105839934,0.2201182304776801,30.133020162582397
5381,0.020232854065657963,0.2276215989864554,30.13800549507141
5382,0.020205058459268475,0.21978272750269626,30.14301300048828
5383,0.020177305211838956,0.22727473257007513,30.14962911605835
5384,0.02014959425032632,0.21944788335063087,30.154653072357178
5385,0.020121925500202975,0.22692854704759158,30.16114068031311
5386,0.020094298888723938,0.21911369625728455,30.166221141815186
5387,0.020066714341665057,0.22658304059613452,30.171118021011353
5388,0.020039171786577964,0.2187801644641587,30.176119804382324
5389,0.02001167114954048,0.22623821139960532,30.182496547698975
5390,0.019984212358399544,0.2184472862195302,30.190389156341553
5391,0.019956795339533477,0.2258940576483489,30.195433378219604
5392,0.01992942002108301,0.21811505977769494,30.201655387878418
5393,0.019902086329725576,0.22555057753921393,30.206677436828613
5394,0.01987479419389429,0.21778348339918618,30.21426010131836
5395,0.019847543540564262,0.22520776927509942,30.219284534454346
5396,0.019820334298459637,0.21745255535129304,30.224396228790283
5397,0.019793166394851763,0.22486563106571203,30.22940945625305
5398,0.019766039758754315,0.21712227390671784,30.234394788742065
5399,0.01973895431773351,0.22452416112678933,30.2402822971344
5400,0.01971191000109128,0.21679263734476195,30.246231079101562
5401,0.019684906736687192,0.22418335768096567,30.251228094100952
5402,0.019657944454110097,0.2164636439508164,30.256244659423828
5403,0.01963102308151153,0.2238432189566904,30.26124882698059
5404,0.019604142548765774,0.21613529201590181,30.266121864318848
5405,0.019577302784315055,0.22350374318920327,30.27099609375
5406,0.019550503718317753,0.215807579837863,30.277595281600952
5407,0.019523745279505286,0.22316492861946002,30.283262491226196
5408,0.01949702739831879,0.21548050571995542,30.289797067642212
5409,0.019470350003777608,0.22282677349497082,30.295151710510254
5410,0.019443713026604248,0.2151540679719617,30.300148963928223
5411,0.019417116396104505,0.22248927606934502,30.3065025806427
5412,0.019390560043281005,0.2148282649093531,30.312166452407837
5413,0.019364043897724646,0.22215243460243783,30.31715440750122
5414,0.019337567890716778,0.21450309485336702,30.32280731201172
5415,0.019311131952132094,0.22181624736048172,30.32785177230835
5416,0.019284736013529334,0.21417855613158557,30.33280897140503
5417,0.019258380005065613,0.22148071261535596,30.33815622329712
5418,0.01923206385857579,0.21385464707730317,30.343783140182495
5419,0.01920578750449802,0.22114582864524074,30.348743677139282
5420,0.019179550874941963,0.21353136602973669,30.353976488113403
5421,0.019153353900625572,0.22081159373477494,30.35897707939148
5422,0.01912719651393195,0.21320871133402364,30.36444902420044
5423,0.019101078645857472,0.22047800617402016,30.369778633117676
5424,0.019075000229057438,0.2128866813410547,30.375349521636963
5425,0.019048961194805314,0.22014506425943936,30.380422353744507
5426,0.019022961476027292,0.2125652744072596,30.385348558425903
5427,0.018997001004272627,0.21981276629331523,30.391942262649536
5428,0.01897107971273717,0.2122444888955058,30.39694094657898
5429,0.018945197533244654,0.21948111058399164,30.403947114944458
5430,0.018919354399259274,0.21192432317384094,30.40997862815857
5431,0.018893550242877945,0.21915009544582362,30.415301084518433
5432,0.018867784997831927,0.21160477561604724,30.420265197753906
5433,0.01884205859649005,0.2188197191989749,30.42531394958496
5434,0.018816370972849408,0.21128584460189506,30.43019151687622
5435,0.018790722059549483,0.21848998016964777,30.435974836349487
5436,0.018765111790851854,0.21096752851680986,30.441800594329834
5437,0.018739540099665407,0.21816087668940148,30.44685411453247
5438,0.01871400692051505,0.2106498257516597,30.451682806015015
5439,0.018688512186577716,0.2178324070963948,30.45682406425476
5440,0.01866305583264039,0.21033273470306635,30.461763381958008
5441,0.01863763779214685,0.21750456973372972,30.467212200164795
5442,0.018612258000144915,0.2100162537733994,30.47221326828003
5443,0.018586916390343954,0.21717736295121098,30.477916955947876
5444,0.01856161289805138,0.2097003813702306,30.48349642753601
5445,0.018536347457240896,0.2168507851038918,30.488598585128784
5446,0.0185111200034783,0.20938511590678927,30.495076894760132
5447,0.018485930471000396,0.2165248345525122,30.5005521774292
5448,0.018460778795630146,0.20907045580210615,30.50552725791931
5449,0.018435664911866236,0.21619950966371357,30.510960340499878
5450,0.018410588755787563,0.2087563994804167,30.51602005958557
5451,0.01838555026215346,0.21587480880963864,30.520967483520508
5452,0.018360549367297627,0.20844294537169109,30.52660083770752
5453,0.01833558600623881,0.2155507303681199,30.532614946365356
5454,0.018310660115564238,0.20813009191122048,30.53771209716797
5455,0.018285771630550895,0.2152272727228679,30.542912483215332
5456,0.018260920488038443,0.20781783753977232,30.547855377197266
5457,0.018236106623560788,0.21490443426275777,30.552737712860107
5458,0.0182113299742088,0.20750618070325008,30.557969093322754
5459,0.018186590475772226,0.21458221338262323,30.56539249420166
5460,0.01816188806559197,0.20719511985344155,30.57050895690918
5461,0.018137222679712378,0.21426060848270198,30.575554609298706
5462,0.01811259425572324,0.20688465344723075,30.5804500579834
5463,0.01808800272992231,0.21393961796883196,30.585338354110718
5464,0.01806344804014704,0.20657477994645634,30.59031081199646
5465,0.01803893012294749,0.21361924025247922,30.59770154953003
5466,0.018014448916407685,0.20626549781890563,30.60329580307007
5467,0.017990004357328632,0.21329947375005212,30.608414888381958
5468,0.017965596384039818,0.2059568055372306,30.613335609436035
5469,0.017941224933592227,0.2129803168842453,30.61828851699829
5470,0.017916889944559554,0.20564870157967363,30.624760150909424
5471,0.017892591354241493,0.2126617680823511,30.630237579345703
5472,0.017868329101454902,0.205341184429553,30.63525652885437
5473,0.017844103123747068,0.2123438257776774,30.649739027023315
5474,0.017819913360176815,0.2050342525751171,30.656064748764038
5475,0.017795759748537913,0.21202648840897065,30.661709547042847
5476,0.01777164222813002,0.20472790451027004,30.666609287261963
5477,0.01774756073699218,0.2117097544197745,30.672117233276367
5478,0.01772351521466388,0.20442213873400017,30.677120447158813
5479,0.017699505599428275,0.2113936222593087,30.682126998901367
5480,0.017675531831063518,0.20411695375027825,30.689739227294922
5481,0.01765159384809579,0.21107809038213948,30.694888591766357
5482,0.017627691590540742,0.2038123480682287,30.701364517211914
5483,0.01760382499716653,0.21076315724824174,30.707083702087402
5484,0.017579994008225217,0.2035083202020939,30.7120463848114
5485,0.017556198562725743,0.21044882132270032,30.716963052749634
5486,0.01753243860115554,0.20320486867143983,30.724684953689575
5487,0.017508714062763206,0.21013508107564152,30.729835033416748
5488,0.017485024888270435,0.20290199200072803,30.73490333557129
5489,0.017461371017164388,0.20982193498254542,30.74052357673645
5490,0.01743775239039995,0.20259968871920805,30.745492935180664
5491,0.017414168947701765,0.20950938152464763,30.751941204071045
5492,0.01739062063025685,0.20229795736159448,30.75857663154602
5493,0.017367107378026186,0.2091974191875387,30.763704538345337
5494,0.017343629132427797,0.20199679646723567,30.768571138381958
5495,0.017320185833658006,0.20888604646260947,30.774216651916504
5496,0.017296777423364777,0.20169620458049603,30.779120445251465
5497,0.017273403841978657,0.20857526184601913,30.7856547832489
5498,0.017250065031376542,0.20139618025111783,30.79210615158081
5499,0.017226760932222113,0.20826506383894977,30.797216653823853
5500,0.01720349148662006,0.20109672203328072,30.804424285888672
5501,0.017180256635466164,0.20795545094805074,30.809655904769897
5502,0.01715705632109199,0.20079782848634248,30.81657385826111
5503,0.01713389048462424,0.20764642168475875,30.821982383728027
5504,0.017110759068620238,0.2004994981743034,30.8281033039093
5505,0.017087662014436684,0.2073379745659418,30.83319926261902
5506,0.017064599264855634,0.2002017296663508,30.838809967041016
5507,0.017041570761462677,0.207030108113115,30.84627056121826
5508,0.017018576447263532,0.19990452153636062,30.85154151916504
5509,0.016995616264071634,0.20672282085267293,30.85789656639099
5510,0.016972690155115433,0.1996078723629795,30.86302137374878
5511,0.016949798062435097,0.2064161113164433,30.86790657043457
5512,0.016926939929480744,0.1993117807295147,30.87349772453308
5513,0.01690411569851836,0.20610997804117806,30.880812406539917
5514,0.01688132531321867,0.19901624522458405,30.88591241836548
5515,0.016858568716072393,0.20580441956806664,30.8913996219635
5516,0.016835845850969883,0.19872126444121632,30.89635920524597
5517,0.01681315666062556,0.20549943444345942,30.90281319618225
5518,0.016790501089148462,0.19842683697726704,30.90807557106018
5519,0.016767879079475665,0.20519502121909222,30.914522886276245
5520,0.01674529057593381,0.1981329614350451,30.919953107833862
5521,0.01672273552168171,0.20489117845112895,30.925022840499878
5522,0.01670021386126261,0.19783963642186403,30.929936408996582
5523,0.01667772553805596,0.20458790470044144,30.934936046600342
5524,0.016655270496820695,0.1975468605497461,30.942137241363525
5525,0.016632848681155936,0.20428519853315563,30.947516918182373
5526,0.016610460036035304,0.1972546324352425,30.952404260635376
5527,0.01658810450527655,0.20398305851976423,30.95797348022461
5528,0.016565782034066973,0.19696295069963737,30.962873220443726
5529,0.01654349256644207,0.20368148323630686,30.96768045425415
5530,0.016521236047801795,0.19667181396860195,30.975401163101196
5531,0.01649901242239832,0.20338047126255693,30.98048424720764
5532,0.0164768216358434,0.1963812208728544,30.98535919189453
5533,0.016454663632604907,0.20308002118388044,30.990856170654297
5534,0.016432538358505368,0.19609117004723056,30.99577569961548
5535,0.016410445758227383,0.20278013159004588,31.00061535835266
5536,0.016388385777803334,0.19580166013158284,31.008907556533813
5537,0.01636635836212958,0.20248080107554234,31.01401448249817
5538,0.016344363457447345,0.19551268976977354,31.018977165222168
5539,0.016322401008865818,0.20218202823971823,31.024385452270508
5540,0.016300470962834147,0.195224257610664,31.029256582260132
5541,0.01627857326467333,0.201883811686323,31.034305572509766
5542,0.016256707861039582,0.19493636230776026,31.041125774383545
5543,0.01623487469746469,0.2015861500236646,31.046284914016724
5544,0.016213073720810926,0.19464900251830478,31.051218271255493
5545,0.016191304876820082,0.2012890418655228,31.05657124519348
5546,0.01616956811255951,0.19436217690475233,31.062053680419922
5547,0.016147863373979957,0.20099248582939028,31.06865930557251
5548,0.016126190608353026,0.19407588413360846,31.074984073638916
5549,0.016104549761837426,0.20069648053742828,31.080214977264404
5550,0.016082940781908098,0.19379012287614747,31.08517622947693
5551,0.01606136361493083,0.20040102461680093,31.090622186660767
5552,0.016039818208582877,0.19350489180744504,31.095566272735596
5553,0.01601830450943628,0.20010611669949013,31.10215997695923
5554,0.015996822465369688,0.19322018960743223,31.109344720840454
5555,0.015975372023160374,0.19981175542111387,31.114458560943604
5556,0.0159539531308876,0.1929360149607598,31.119535446166992
5557,0.015932565735532898,0.1995179394222425,31.124661684036255
5558,0.015911209785375163,0.19265236655589316,31.129612684249878
5559,0.015889885227599324,0.199224667347938,31.135568380355835
5560,0.015868592010683063,0.19236924308554737,31.156449794769287
5561,0.015847330082013764,0.19893193784811578,31.16324496269226
5562,0.015826099390266933,0.19208664324701422,31.16844344139099
5563,0.01580489988303158,0.19863974957666522,31.174364805221558
5564,0.01578373150918019,0.19180456574204077,31.17944073677063
5565,0.015762594216502383,0.19834810119220603,31.184302806854248
5566,0.015741487954066755,0.19152300927633092,31.18982219696045
5567,0.015720412669862703,0.1980569913575081,31.197120666503906
5568,0.01569936831315404,0.1912419725601865,31.202318906784058
5569,0.015678354832129034,0.19776641874000367,31.209588766098022
5570,0.015657372176245812,0.1909614543078211,31.214634895324707
5571,0.01563642029389066,0.19747638201129616,31.219985246658325
5572,0.01561549913471513,0.1906814532379302,31.225006580352783
5573,0.01559460864730263,0.19718687984751176,31.231793880462646
5574,0.01557374878149732,0.19040196807331225,31.23716378211975
5575,0.015552919486078828,0.1968979109292012,31.242247819900513
5576,0.015532120711083052,0.1901229975411583,31.24717092514038
5577,0.01551135240548495,0.1966094739409193,31.25204634666443
5578,0.015490614519511333,0.18984454037248272,31.257368326187134
5579,0.015469907002331642,0.19632156757222755,31.26426362991333
5580,0.015449229804362679,0.1895665953026809,31.26962184906006
5581,0.015428582874967494,0.19603419051609208,31.274699211120605
5582,0.01540796616475211,0.18928916107116572,31.27961039543152
5583,0.015387379623272308,0.19574734147048606,31.284548044204712
5584,0.01536682320132243,0.1890122364218073,31.290902376174927
5585,0.015346296848650198,0.19546101913716363,31.296732664108276
5586,0.015325800516237451,0.1887358201023153,31.301674127578735
5587,0.015305334154022882,0.19517522222220204,31.30733871459961
5588,0.015284897713175052,0.18845991086438652,31.31387972831726
5589,0.015264491143822872,0.1948899494364387,31.31896424293518
5590,0.015244114397320697,0.18818450746411958,31.326565980911255
5591,0.015223767423986805,0.1946051994941835,31.331603050231934
5592,0.01520345017536053,0.1879096086614012,31.336866855621338
5593,0.015183162601948701,0.19432097111442903,31.341978073120117
5594,0.015162904655474834,0.18763521322014784,31.34688711166382
5595,0.015142676286633412,0.19403726302018304,31.35176372528076
5596,0.015122477447331324,0.1873613199085597,31.35941171646118
5597,0.015102308088449921,0.19375407393850774,31.364449501037598
5598,0.015082168162078665,0.1870879274988375,31.36991024017334
5599,0.015062057619284905,0.19347140260077375,31.375015020370483
5600,0.015041976412339812,0.1868150347667664,31.37995195388794
5601,0.015021924492495956,0.19318924774216611,31.384828329086304
5602,0.015001901812205502,0.1865426404927685,31.392676830291748
5603,0.014981908322905364,0.1929076081025947,31.39772391319275
5604,0.014961943977227825,0.18627074346039266,31.403025150299072
5605,0.01494200872679344,0.19262648242559713,31.40811038017273
5606,0.014922102524413765,0.18599934245782773,31.414550304412842
5607,0.014902225321892101,0.1923458694585864,31.42143988609314
5608,0.014882377072218636,0.18572843627714083,31.42725968360901
5609,0.014862557727378559,0.1920657679534237,31.43220591545105
5610,0.01484276724053982,0.18545802371383316,31.437633991241455
5611,0.014823005563868846,0.19178617666622652,31.442723035812378
5612,0.01480327265071048,0.18518810356743745,31.44763445854187
5613,0.014783568453411503,0.1915070943565992,31.454418420791626
5614,0.014763892925493054,0.18491867464190678,31.46021032333374
5615,0.014744246019481377,0.1912285197883671,31.465233325958252
5616,0.014724627689073056,0.18464973574454627,31.470579624176025
5617,0.014705037886973138,0.19095045172928635,31.475716590881348
5618,0.014685476567052842,0.18438128568658302,31.480656147003174
5619,0.0146659436821952,0.19067288895123477,31.487330675125122
5620,0.014646439186445311,0.18411332328305033,31.493104934692383
5621,0.01462696303286342,0.19039583022991574,31.498114347457886
5622,0.014607515175667763,0.18384584735314313,31.50341773033142
5623,0.014588095568095004,0.19011927434501635,31.508544921875
5624,0.014568704164535748,0.1835788567194048,31.517459630966187
5625,0.014549340918402277,0.1898432200802181,31.523317098617554
5626,0.014530005784256837,0.18331235020836423,31.528616666793823
5627,0.014510698715686617,0.1895676662231596,31.533559799194336
5628,0.014491419667424663,0.18304632665028997,31.538944482803345
5629,0.014472168593232294,0.1892926115648804,31.544168710708618
5630,0.014452945448012679,0.18278078487915392,31.55051851272583
5631,0.014433750185700527,0.18901805490132997,31.556307077407837
5632,0.014414582761368321,0.18251572373282526,31.56167697906494
5633,0.014395443129123353,0.18874399503111255,31.566768884658813
5634,0.014376331244206765,0.18225114205276172,31.5721697807312
5635,0.014357247060897704,0.18847043075741693,31.579562664031982
5636,0.01433819053460519,0.18198703868440114,31.58471369743347
5637,0.014319161619779475,0.1881973608872137,31.590474843978882
5638,0.014300160271996688,0.1817234124763707,31.595598936080933
5639,0.014281186445877449,0.18792478423100253,31.600515842437744
5640,0.014262240097164298,0.18146026228120976,31.60603094100952
5641,0.014243321180647518,0.1876526996036082,31.613068342208862
5642,0.014224429652235308,0.18119758695547913,31.620124101638794
5643,0.014205565466886784,0.18738110582274473,31.625253200531006
5644,0.01418672858067516,0.18093538535884376,31.63021755218506
5645,0.01416791894872769,0.18711000171064618,31.635217666625977
5646,0.014149136527281825,0.18067365635502797,31.641659259796143
5647,0.014130381271632228,0.18683938609306977,31.647443771362305
5648,0.014111653138179924,0.1804123988112434,31.652811527252197
5649,0.014092952082386194,0.186569257799526,31.65796446800232
5650,0.0140742780608149,0.18015161159801854,31.662923574447632
5651,0.01405563102909331,0.18629961566327213,31.66787362098694
5652,0.014037010943947378,0.17989129358982375,31.6756694316864
5653,0.014018417761169622,0.18603045852128097,31.680920600891113
5654,0.013999851437647414,0.17963144366466557,31.68631386756897
5655,0.013981311929337778,0.1857617852141611,31.691408395767212
5656,0.013962799193288812,0.17937206070394293,31.696360111236572
5657,0.01394431318562131,0.18549359458618872,31.701266288757324
5658,0.01392585386354342,0.17911314359284827,31.70841908454895
5659,0.013907421183339042,0.18522588548524846,31.713513374328613
5660,0.013889015102375609,0.17885469121981432,31.72056269645691
5661,0.01387063557709945,0.18495865676334428,31.725679636001587
5662,0.013852282565036601,0.17859670247668158,31.73059344291687
5663,0.01383395602279509,0.18469190727556378,31.73577904701233
5664,0.01381565590805892,0.1783391762595175,31.742789030075073
5665,0.013797382177597082,0.18442563588067695,31.74774980545044
5666,0.01377913478925083,0.17808211146723207,31.75306749343872
5667,0.013760913699949515,0.18415984144151162,31.75819230079651
5668,0.013742718867690925,0.17782550700236646,31.763214826583862
5669,0.013724550249563983,0.18389452282350552,31.770859479904175
5670,0.013706407803722455,0.17756936177117544,31.776606559753418
5671,0.013688291487414132,0.18362967889677015,31.781599521636963
5672,0.013670201258947986,0.1773136746827548,31.786891222000122
5673,0.013652137075730144,0.18336530853469035,31.79199457168579
5674,0.013634098896224085,0.17705844465039083,31.796953439712524
5675,0.013616086677993433,0.183101410613706,31.803935527801514
5676,0.013598100379655654,0.17680367059028368,31.809717893600464
5677,0.01358013995893122,0.18283798401432672,31.814658164978027
5678,0.01356220537459079,0.1765493514221943,31.819952249526978
5679,0.013544296584511048,0.18257502762001795,31.82682967185974
5680,0.013526413547615225,0.176295486069187,31.835705041885376
5681,0.013508556221935569,0.18231254031872415,31.84151530265808
5682,0.013490724566547223,0.1760420734579346,31.84658193588257
5683,0.013472918539637297,0.18205052100102564,31.851520538330078
5684,0.013455138100432164,0.17578911251806836,31.85709261894226
5685,0.013437383207273137,0.18178896856116883,31.862048864364624
5686,0.013419653819537242,0.17553660218326356,31.86845874786377
5687,0.013401949895719304,0.18152788189676122,31.874500036239624
5688,0.013384271395346299,0.1752845413898022,31.87956714630127
5689,0.01336661827706594,0.18126725990900078,31.8845157623291
5690,0.01334899050055456,0.17503292907793438,31.890098094940186
5691,0.01333138802461209,0.18100710150284907,31.89503812789917
5692,0.013313810809063506,0.17478176419061772,31.901415824890137
5693,0.01329625881286035,0.18074740558627253,31.907467126846313
5694,0.013278731995975656,0.1745310456745577,31.912589073181152
5695,0.013261230317511846,0.18048817107054685,31.91754388809204
5696,0.013243753737589358,0.17428077247923185,31.924678087234497
5697,0.013226302215460967,0.18022939687131057,31.931557178497314
5698,0.013208875711393868,0.17403094355785337,31.936970233917236
5699,0.013191474184790438,0.1799710819061343,31.942646741867065
5700,0.013174097596064046,0.1737815578671286,31.947643041610718
5701,0.013156745904766098,0.17971322509673007,31.95297384262085
5702,0.013139419071455449,0.1735326143662839,31.95809507369995
5703,0.013122117055831889,0.17945582536828655,31.9650981426239
5704,0.013104839818599206,0.17328411201847332,31.97058415412903
5705,0.013087587319604911,0.179198881648985,31.975648164749146
5706,0.013070359519697088,0.17303604978961357,31.980525493621826
5707,0.013053156378870341,0.17894239287067706,31.98573899269104
5708,0.013035977858116445,0.17278842664917238,31.99186110496521
5709,0.013018823917576474,0.17868635796813778,31.99764633178711
5710,0.013001694518385265,0.17254124156949277,32.003002405166626
5711,0.012984589620829759,0.17843077587978357,32.00810360908508
5712,0.012967509186187253,0.17229449352634915,32.01299524307251
5713,0.012950453174889902,0.17817564554702353,32.01789426803589
5714,0.012933421548356831,0.17204818149836554,32.02740454673767
5715,0.012916414267164864,0.17792096591495934,32.03253793716431
5716,0.012899431292874367,0.17180230446773775,32.03798460960388
5717,0.012882472586206176,0.17766673593162688,32.043089866638184
5718,0.012865538108861293,0.17155686141961524,32.048020124435425
5719,0.012848627821703939,0.17741295454855152,32.053234338760376
5720,0.012831741686575172,0.17131185134207993,32.060288190841675
5721,0.01281487966448202,0.1771596207202455,32.065794467926025
5722,0.012798041717404975,0.171067273226866,32.07133221626282
5723,0.012781227806493259,0.17690673340446053,32.076380014419556
5724,0.012764437893866219,0.17082312606833536,32.081270694732666
5725,0.01274767194081468,0.17665429156237913,32.08928108215332
5726,0.012730929909596253,0.17057940886409367,32.09458112716675
5727,0.012714211761642741,0.17640229415818592,32.09946894645691
5728,0.012697517459349439,0.1703361206148938,32.10486936569214
5729,0.01268084696428854,0.1761507401593069,32.10995578765869
5730,0.012664200238992491,0.17009326032469232,32.114837884902954
5731,0.012647577245173257,0.17589962853644173,32.12175536155701
5732,0.012630977945499812,0.16985082700021778,32.12880325317383
5733,0.01261440230182332,0.17564895826344068,32.133909463882446
5734,0.012597850276948654,0.16960881965111183,32.13941788673401
5735,0.012581321832865696,0.17539872831727646,32.144352197647095
5736,0.012564816932514659,0.16936723729074196,32.15200901031494
5737,0.012548335538023427,0.1751489376777218,32.15770125389099
5738,0.012531877612467083,0.16912607893496828,32.16291666030884
5739,0.012515443118110925,0.17489958532835667,32.16802740097046
5740,0.012499032018164232,0.16888534360255728,32.17351531982422
5741,0.012482644275029252,0.17465067025532913,32.17845296859741
5742,0.012466279852048935,0.1686450303159749,32.185293674468994
5743,0.012449938711761798,0.17440219144800342,32.19105553627014
5744,0.012433620817643879,0.16840513809972665,32.19625663757324
5745,0.01241732613236943,0.17415414789897302,32.20118999481201
5746,0.012401054619547082,0.16816566598212992,32.206743478775024
5747,0.012384806241986242,0.17390653860391525,32.21169924736023
5748,0.0123685809634275,0.16792661299401784,32.21808362007141
5749,0.012352378746814881,0.17365936256153475,32.22404479980469
5750,0.01233619955602037,0.16768797816890002,32.2307186126709
5751,0.01232004335412202,0.17341261877331415,32.236100912094116
5752,0.012303910105122749,0.167449760544242,32.241222620010376
5753,0.012287799772234043,0.17316630624415508,32.24787664413452
5754,0.01227171231958919,0.16721195915963483,32.253196477890015
5755,0.012255647710532561,0.17292042398191632,32.25891995429993
5756,0.012239605909327201,0.1669745730577043,32.263938426971436
5757,0.012223586879449876,0.17267497099741402,32.2692985534668
5758,0.012207590585292846,0.16673760128388979,32.274458169937134
5759,0.012191616990464704,0.1724299463046252,32.281434059143066
5760,0.012175666059486362,0.16650104288671952,32.28693222999573
5761,0.012159737756097713,0.17218534892022724,32.29203534126282
5762,0.012143832044947832,0.16626489691800006,32.29697632789612
5763,0.012127948889907257,0.1719411778636312,32.30217361450195
5764,0.012112088255752735,0.1660291624319102,32.30835676193237
5765,0.012096250106484975,0.17169743215818403,32.31412601470947
5766,0.012080434407007781,0.16579383848540577,32.31946659088135
5767,0.012064641121451461,0.17145411082934744,32.32460045814514
5768,0.012048870214846413,0.1655589241386067,32.32961130142212
5769,0.012033121651452016,0.17121121290598573,32.3364520072937
5770,0.012017395396424681,0.16532441845422743,32.34351682662964
5771,0.012001691414152332,0.1709687374196706,32.34862685203552
5772,0.011986009669916909,0.16509032049838315,32.35409998893738
5773,0.011970350128234303,0.17072668340475183,32.35916876792908
5774,0.011954712754511428,0.16485662933913814,32.364075899124146
5775,0.01193909751339168,0.17048504989901206,32.36931896209717
5776,0.011923504370406436,0.16462334404811582,32.37638998031616
5777,0.011907933290325998,0.17024383594272602,32.38142776489258
5778,0.01189238423880569,0.16439046369927257,32.386861085891724
5779,0.011876857180742273,0.17000304057927262,32.392043113708496
5780,0.011861352081914448,0.1641579873696117,32.39694833755493
5781,0.011845868907344867,0.16976266285456137,32.402198791503906
5782,0.011830407622935189,0.16392591413900356,32.40917181968689
5783,0.0118149681938334,0.16952270181784812,32.41423749923706
5784,0.011799550586063532,0.16369424308949548,32.419588565826416
5785,0.011784154764898452,0.16928315652127224,32.424710273742676
5786,0.011768780696484099,0.16346297330659254,32.4297559261322
5787,0.01175342834621763,0.1690440260191224,32.43886733055115
5788,0.011738097680366384,0.1632321038782814,32.44401693344116
5789,0.011722788664451384,0.16880530936934626,32.44895577430725
5790,0.011707501264860797,0.16300163389532243,32.4543571472168
5791,0.011692235447238929,0.1685670056320877,32.45939064025879
5792,0.011676991178094391,0.16277156245113655,32.46428656578064
5793,0.011661768423194257,0.16832911387073157,32.47118520736694
5794,0.011646567149167014,0.16254188864193414,32.476659059524536
5795,0.011631387321902026,0.16809163315116873,32.48161292076111
5796,0.011616228908147168,0.1623126115667024,32.486989974975586
5797,0.011601091873913621,0.16785456254243197,32.49205470085144
5798,0.01158597618606811,0.16208373032681433,32.49695014953613
5799,0.011570881810743075,0.1676179011159859,32.50362801551819
5800,0.011555808714923696,0.16185524402664597,32.50938034057617
5801,0.011540756864863173,0.16738164794647054,32.51436138153076
5802,0.0115257262276646,0.16162715177327763,32.519694566726685
5803,0.011510716769701463,0.16714580211091545,32.524760723114014
5804,0.011495728458194281,0.16139945267607078,32.5321569442749
5805,0.01148076125963627,0.1669103626891052,32.539966344833374
5806,0.011465815141364959,0.16117214584745532,32.545111417770386
5807,0.011450890069992854,0.16667532876396599,32.55010390281677
5808,0.011435986012973902,0.1609452304021882,32.55560278892517
5809,0.011421102937039452,0.16644069942089626,32.56057953834534
5810,0.01140624080975942,0.16071870545807415,32.5671112537384
5811,0.011391399597983468,0.16620647374801678,32.57304906845093
5812,0.011376579269396978,0.16049257013469145,32.57819747924805
5813,0.011361779790967462,0.1659726508360115,32.58307647705078
5814,0.011347001130495395,0.1602668235559185,32.588539123535156
5815,0.01133224325506559,0.16573922977845912,32.595954179763794
5816,0.011317506132593021,0.16004146484628884,32.6011598110199
5817,0.0113027897302794,0.1655062096716583,32.607131004333496
5818,0.011288094016153806,0.15981649313405233,32.61221790313721
5819,0.011273418957534297,0.16527358961435984,32.617138385772705
5820,0.011258764522563598,0.15959190754991273,32.622891426086426
5821,0.011244130678675694,0.16504136870863764,32.629990339279175
5822,0.011229517394126403,0.15936770722678356,32.63549327850342
5823,0.011214924636465172,0.16480954605837558,32.64230942726135
5824,0.011200352374060502,0.15914389130059445,32.64728808403015
5825,0.011185800574576785,0.16457812077045167,32.652496337890625
5826,0.011171269206494796,0.15892045890973797,32.66021966934204
5827,0.01115675823759336,0.16434709195463618,32.66539525985718
5828,0.01114226763646501,0.15869740919470968,32.67089247703552
5829,0.011127797371002654,0.16411645872308872,32.67591714859009
5830,0.011113347409910069,0.1584747412991434,32.68083930015564
5831,0.01109891772119373,0.163886220190529,32.686092138290405
5832,0.011084508273668288,0.158252454368839,32.693063259124756
5833,0.011070119035453302,0.16365637547448866,32.698105335235596
5834,0.01105574997547385,0.15803054755251894,32.70352482795715
5835,0.011041401061962084,0.16342692369480993,32.70860695838928
5836,0.011027072263953,0.15780902000070793,32.713502168655396
5837,0.011012763549790954,0.163197863974069,32.71874403953552
5838,0.010998474888620456,0.15758787086709902,32.72576284408569
5839,0.01098420624889757,0.16296919543785102,32.73091149330139
5840,0.010969957599875837,0.157367099307468,32.73633289337158
5841,0.010955728910122604,0.16274091721375092,32.742953300476074
5842,0.010941520149000033,0.15714670448060045,32.747918367385864
5843,0.010927331285186208,0.16251302843170648,32.75555467605591
5844,0.010913162288151495,0.15692668554704156,32.76064682006836
5845,0.010899013126684395,0.1622855282252583,32.76560163497925
5846,0.010884883770362948,0.15670704167052787,32.77114462852478
5847,0.010870774188085536,0.1620584157293239,32.776164293289185
5848,0.010856684349537503,0.15648777201652808,32.78103446960449
5849,0.010842614223726718,0.16183169008228426,32.7878839969635
5850,0.010828563780445314,0.1562688757531502,32.79339814186096
5851,0.010814532988810206,0.16160535042451948,32.79835557937622
5852,0.010800521818719978,0.15605035205134374,32.803781509399414
5853,0.010786530239400101,0.16137939589906014,32.80882668495178
5854,0.010772558220855145,0.15583220008440912,32.81371712684631
5855,0.010758605732418686,0.16115382565124386,32.820433378219604
5856,0.01074467274420087,0.15561441902774573,32.826051235198975
5857,0.010730759225642978,0.16092863882932082,32.83103895187378
5858,0.010716865146960249,0.15539700805920345,32.836445808410645
5859,0.010702990477701256,0.1607038345836339,32.84304094314575
5860,0.010689135188185928,0.15517996635936196,32.84951567649841
5861,0.010675299248069682,0.16047941206748337,32.85599875450134
5862,0.010661482627776695,0.15496329311063006,32.86114454269409
5863,0.010647685297068755,0.16025537043603819,32.86606788635254
5864,0.01063390722647394,0.15474698749840887,32.87192916870117
5865,0.01062014838585998,0.16003170884742898,32.876930713653564
5866,0.010606408745858406,0.1545310487101738,32.88334512710571
5867,0.010592688276442476,0.1598084264618817,32.88961148262024
5868,0.010578986948346712,0.15431547593573677,32.89473605155945
5869,0.01056530473164952,0.1595855224424303,32.899646043777466
5870,0.010551641597187956,0.15410026836716795,32.90552043914795
5871,0.010537997515145179,0.15936299595446785,32.91287422180176
5872,0.010524372456460434,0.15388542519929965,32.918676137924194
5873,0.010510766391421109,0.15914084616534446,32.92439603805542
5874,0.010497179291068222,0.15367094562896053,32.92950415611267
5875,0.010483611125793017,0.15891907224535948,32.93522334098816
5876,0.010470061866737866,0.15345682885536346,32.94038105010986
5877,0.01045653148439744,0.15869767336673424,32.94899916648865
5878,0.01044301995001506,0.1532430740802968,32.95489764213562
5879,0.010429527234188437,0.15847664870477737,32.96012616157532
5880,0.010416053308261414,0.15302968050734544,32.96509385108948
5881,0.010402598142934288,0.15825599743666172,32.97074031829834
5882,0.010389161709651047,0.1528166473428094,32.97795748710632
5883,0.010375743979214187,0.15803571874195538,32.98306345939636
5884,0.010362344923167437,0.15260397379514304,32.98892092704773
5885,0.010348964512415031,0.15781581180273835,32.993908405303955
5886,0.010335602718600082,0.1523916590754147,32.998833894729614
5887,0.01032225951272819,0.1575962758034792,33.004399061203
5888,0.01030893486654139,0.15217970239657316,33.011465311050415
5889,0.010295628751146223,0.15737710993090112,33.01642465591431
5890,0.010282341138383265,0.151968102973648,33.02231240272522
5891,0.01026907199945965,0.1571583133742943,33.027289390563965
5892,0.01025582130631408,0.15175686002452057,33.032283306121826
5893,0.010242589030253851,0.1569398853252316,33.04010844230652
5894,0.010229375143315378,0.15154597276876117,33.0469274520874
5895,0.01021617961690573,0.15672182497701914,33.052703857421875
5896,0.010203002423158688,0.15133544042882122,33.05784273147583
5897,0.010189843533580673,0.15650413152608403,33.06273341178894
5898,0.010176702920402424,0.15112526222880018,33.069725036621094
5899,0.010163580555229349,0.15628680417108498,33.07564973831177
5900,0.010150476410388735,0.1509154373951697,33.080538749694824
5901,0.010137390457584557,0.15606984211240627,33.08629631996155
5902,0.010124322669240307,0.15070596515694643,33.091328382492065
5903,0.010111273017158126,0.1558532445532423,33.096176624298096
5904,0.010098241473857301,0.15049684474505656,33.1031858921051
5905,0.010085228011237755,0.1556370106987983,33.108938455581665
5906,0.010072232601914227,0.15028807539273462,33.11390209197998
5907,0.010059255217883985,0.15542113975669974,33.119600772857666
5908,0.010046295831856806,0.15007965633513407,33.12467074394226
5909,0.010033354415927011,0.1552056309369343,33.12965774536133
5910,0.01002043094289903,0.14987158681030952,33.13684391975403
5911,0.010007525384963755,0.15499048345145955,33.14260673522949
5912,0.009994637715019943,0.14966386605784665,33.149017333984375
5913,0.009981767905354695,0.15477569651450693,33.154947996139526
5914,0.009968915928960665,0.14945649331956196,33.15995216369629
5915,0.009956081758220835,0.15456126934319622,33.16661834716797
5916,0.009943265366221374,0.14924946783963458,33.172961473464966
5917,0.009930466725440758,0.15434720115609096,33.17807745933533
5918,0.009917685809058276,0.1490427888642638,33.18298578262329
5919,0.009904922589647508,0.1541334911744831,33.18886733055115
5920,0.009892177040480551,0.14883645564203238,33.19385099411011
5921,0.009879449134225686,0.15392013862159193,33.200390577316284
5922,0.009866738844247415,0.14863046742331243,33.20671987533569
5923,0.009854046143308365,0.15370714272285194,33.21181130409241
5924,0.009841371004865117,0.14842482346117253,33.21671271324158
5925,0.009828713401774224,0.1534945027060271,33.22262763977051
5926,0.009816073307583977,0.14821952301019164,33.23005986213684
5927,0.009803450695244504,0.1532822178009603,33.235790729522705
5928,0.009790845538395435,0.14801456532745058,33.24152970314026
5929,0.009778257810080125,0.15307028724001506,33.2465181350708
5930,0.009765687484029137,0.14780994967184735,33.25386571884155
5931,0.009753134533378678,0.15285871025738573,33.25896596908569
5932,0.009740598931949937,0.14760567530470559,33.265313386917114
5933,0.009728080652971588,0.152647486089456,33.27101540565491
5934,0.009715579670355065,0.14740174148934657,33.27652645111084
5935,0.009703095957421184,0.1524366139750512,33.281437397003174
5936,0.009690629488171225,0.14719814749098725,33.28722620010376
5937,0.009678180236017752,0.15222609315474617,33.29465579986572
5938,0.00966574817505163,0.1469948925773301,33.29978847503662
5939,0.009653333278776767,0.15201592287164636,33.306074142456055
5940,0.009640935521373184,0.14679197601737437,33.31119966506958
5941,0.009628554876435868,0.15180610237097955,33.31607747077942
5942,0.009616191318233658,0.1465893970831371,33.32196593284607
5943,0.009603844820452194,0.15159663089986547,33.328978300094604
5944,0.009591515357448805,0.1463871550482158,33.33479881286621
5945,0.009579202902999441,0.15138750770777573,33.33992862701416
5946,0.009566907431549528,0.14618524918799405,33.34485840797424
5947,0.009554628916964973,0.15117873204595947,33.34979438781738
5948,0.00954236733377899,0.14598367878045262,33.35978984832764
5949,0.009530122655947125,0.15097030316831825,33.36486029624939
5950,0.00951789485808999,0.1457824431055669,33.37243413925171
5951,0.009505683914252393,0.15076222033025155,33.377506732940674
5952,0.009493489799142003,0.14558154144470786,33.3824143409729
5953,0.009481312486892556,0.15055448278994918,33.39174699783325
5954,0.009469151952298456,0.14538097308192838,33.39681529998779
5955,0.009457008169581971,0.15034708980683806,33.402196168899536
5956,0.009444881113623939,0.14518073730324862,33.407941579818726
5957,0.009432770758734818,0.1501400406431562,33.41479253768921
5958,0.009420677079881515,0.14498083339629678,33.424283027648926
5959,0.009408600051462318,0.14993333456293034,33.429368019104004
5960,0.009396539648529881,0.1447812606510969,33.43492579460144
5961,0.009384495845570029,0.14972697083238998,33.440669298172
5962,0.009372468617720748,0.14458201835927165,33.44565415382385
5963,0.009360457939555037,0.14952094871947832,33.45092749595642
5964,0.00934846378629596,0.14438310581486247,33.460094690322876
5965,0.009336486132603322,0.14931526749440718,33.46508717536926
5966,0.0093245249537849,0.14418452231357476,33.47113370895386
5967,0.00931258022458704,0.1491099264296932,33.47626972198486
5968,0.009300651920401871,0.14398626715331006,33.481207609176636
5969,0.00928874001606186,0.1489049247995661,33.4901168346405
5970,0.009276844487043212,0.14378833963363438,33.49520540237427
5971,0.009264965308264227,0.14870026188037402,33.500149965286255
5972,0.009253102455284807,0.1435907390564925,33.50636911392212
5973,0.00924125590310873,0.14849593695034202,33.51141023635864
5974,0.009229425627379318,0.14339346472563183,33.51845169067383
5975,0.009217611603185467,0.14829194928987388,33.52474641799927
5976,0.00920581380625359,0.14319651594645907,33.52978777885437
5977,0.009194032211757403,0.14808829818169286,33.53535723686218
5978,0.009182266795506017,0.14299989202646593,33.54100060462952
5979,0.00917051753275766,0.14788498290977461,33.548393964767456
5980,0.009158784399403864,0.14280359227530476,33.558192014694214
5981,0.009147067370787026,0.14768200276081928,33.56326985359192
5982,0.00913536642288076,0.14260761600434502,33.568881034851074
5983,0.009123681531111259,0.14747935702302087,33.57456421852112
5984,0.009112012671533967,0.14241196252695515,33.58117890357971
5985,0.00910035981965855,0.14727704498692065,33.58756446838379
5986,0.009088722951621903,0.14221663115827457,33.59271717071533
5987,0.00907710204301687,0.14707506594464667,33.597657680511475
5988,0.009065497070061511,0.1420216212155615,33.603596210479736
5989,0.009053908008431508,0.14687341919071542,33.60979413986206
5990,0.009042334834425719,0.1418269320177123,33.615044593811035
5991,0.009030777523802385,0.1466721040212849,33.62327194213867
5992,0.009019236052940874,0.14163256288589102,33.62833118438721
5993,0.009007710397681608,0.14647111973447613,33.63338351249695
5994,0.008996200534484177,0.14143851314277917,33.639559268951416
5995,0.008984706439270906,0.14627046563059076,33.6475133895874
5996,0.008973228088581227,0.14124478211299427,33.65322232246399
5997,0.008961765458419074,0.14607014101196042,33.66313624382019
5998,0.008950318525403438,0.14105136912320843,33.66863536834717
5999,0.008938887265619483,0.14587014518207048,33.67587757110596
6000,0.008927471655765495,0.14085827350183577,33.68113350868225
6001,0.008916071672007588,0.1456704774472309,33.68825674057007
6002,0.008904687291122999,0.14066549457932775,33.69341278076172
6003,0.008893318489358452,0.1454711371153731,33.69843292236328
6004,0.00888196524356984,0.1404730316875431,33.70805311203003
6005,0.008870627530084222,0.14527212349633398,33.71331000328064
6006,0.008859305325835789,0.140280884160314,33.718793869018555
6007,0.008847998607231622,0.14507343590172958,33.72381854057312
6008,0.008836707351283984,0.1400890513339597,33.72870707511902
6009,0.008825431534479643,0.14487507364500105,33.73399305343628
6010,0.008814171133908592,0.13989753254597834,33.7406702041626
6011,0.008802926126136987,0.1446770360419286,33.7457799911499
6012,0.008791696488332258,0.1397063271357086,33.75114154815674
6013,0.00878048219713964,0.14447932240972144,33.7562415599823
6014,0.008769283229803713,0.1395154344447095,33.76113820075989
6015,0.008758099563048466,0.1442819320674502,33.76809573173523
6016,0.008746931174195323,0.13932485381585327,33.77486205101013
6017,0.008735778040046755,0.14408486433658393,33.779927015304565
6018,0.008724640138000745,0.13913458459427874,33.78529238700867
6019,0.008713517444937917,0.14388811854007472,33.79033660888672
6020,0.008702409938332488,0.13894462612638425,33.8040714263916
6021,0.008691317595142965,0.14369169400278056,33.810866594314575
6022,0.008680240392919517,0.1387549777610894,33.81589436531067
6023,0.008669178308698237,0.14349559005135046,33.82148718833923
6024,0.008658131320104925,0.13856563884834489,33.826656103134155
6025,0.008647099404252949,0.14329980601442194,33.83437895774841
6026,0.00863608253884349,0.13837660874032112,33.840320110321045
6027,0.008625080701066863,0.1431043412222283,33.845463514328
6028,0.008614093868699355,0.1381878867911368,33.850926876068115
6029,0.008603122019007953,0.14290919500716098,33.856011629104614
6030,0.008592165129843725,0.13799947235613977,33.8609504699707
6031,0.008581223178550042,0.14271436670332688,33.86946511268616
6032,0.008570296143052497,0.13781136479304704,33.875157594680786
6033,0.008559384000770534,0.14251985564644506,33.8801794052124
6034,0.00854848672970391,0.13762356346049623,33.88557982444763
6035,0.008537604307347915,0.14232566117449091,33.89062547683716
6036,0.008526736711776273,0.1374360677199684,33.8980176448822
6037,0.008515883920559726,0.14213178262650378,33.903443336486816
6038,0.008505045911845638,0.137248876933813,33.90894103050232
6039,0.008494222663279991,0.14193821934412967,33.913888692855835
6040,0.008483414153083487,0.13706199046626713,33.9191472530365
6041,0.00847262035897707,0.14174497067069736,33.92413401603699
6042,0.008461841259254532,0.13687540768387477,33.930811405181885
6043,0.00845107683171142,0.14155203595065066,33.93612003326416
6044,0.008440327054714333,0.13668912795412907,33.94161033630371
6045,0.008429591906133188,0.14135941453092146,33.94654107093811
6046,0.00841887136440711,0.13650315064692206,33.95176124572754
6047,0.008408165407480081,0.14116710575989813,33.95676827430725
6048,0.008397474013863468,0.13631747513332118,33.963202714920044
6049,0.008386797161575019,0.1409751089876633,33.97008752822876
6050,0.008376134829198079,0.1361321007862625,33.975436210632324
6051,0.008365486994823947,0.14078342356664858,33.98044466972351
6052,0.00835485363710762,0.13594702698045288,33.98574614524841
6053,0.008344234734213621,0.14059204885029225,34.006603717803955
6054,0.008333630264868384,0.1357622530925455,34.017921447753906
6055,0.008323040207309356,0.1404009841940366,34.027594804763794
6056,0.008312464540334137,0.13557777850048008,34.03422927856445
6057,0.00830190324225284,0.14021022895533894,34.04089856147766
6058,0.008291356291933913,0.1353936025838221,34.045947790145874
6059,0.008280823667759885,0.14001978249327673,34.05094599723816
6060,0.00827030534866981,0.1352097247242822,34.05793905258179
6061,0.00825980131311832,0.1398296441684702,34.06301784515381
6062,0.008249311540114813,0.13502614430487492,34.06837010383606
6063,0.008238836008185738,0.13963981334329384,34.07508397102356
6064,0.008228374696410561,0.13484286071031515,34.08007574081421
6065,0.008217927583387333,0.13945028938220339,34.08501863479614
6066,0.008207494648265307,0.1346598733272001,34.092514514923096
6067,0.008197075869713806,0.1392610716510001,34.09745192527771
6068,0.008186671226951643,0.13447718154375518,34.10284972190857
6069,0.008176280698719146,0.13907215951695143,34.10785746574402
6070,0.008165904264304375,0.13429478474941006,34.112751483917236
6071,0.008155541902518474,0.1388835523499997,34.12135291099548
6072,0.008145193592718453,0.13411268233570062,34.126524925231934
6073,0.008134859313785943,0.1386952495207146,34.13141965866089
6074,0.008124539045146754,0.13393087369599666,34.13692498207092
6075,0.008114232765752693,0.13850725040204453,34.1419460773468
6076,0.008103940455098026,0.13374935822461098,34.14681673049927
6077,0.008093662092204551,0.13831955436811458,34.15459179878235
6078,0.008083397656634765,0.13356813531822087,34.15971231460571
6079,0.0080731471274801,0.13813216079523627,34.1647686958313
6080,0.00806291048437104,0.133387204374271,34.1717426776886
6081,0.008052687706468473,0.1379450690612654,34.17690896987915
6082,0.008042478773470552,0.13320656479262913,34.18666410446167
6083,0.008032283664607322,0.1377582785456808,34.19189119338989
6084,0.00802210235964439,0.13302621597436914,34.19683122634888
6085,0.008011934837880725,0.13757178862943611,34.20236134529114
6086,0.008001781079149076,0.13284615732218394,34.207763671875
6087,0.007991641062817072,0.1373855986952649,34.212759017944336
6088,0.007981514768784427,0.13266638824066435,34.220351457595825
6089,0.007971402176487135,0.13719970812779456,34.22563409805298
6090,0.007961303265891569,0.13248690813563666,34.23052191734314
6091,0.007951218016501851,0.13701411631283844,34.236080169677734
6092,0.007941146408350804,0.1323077164147924,34.24108266830444
6093,0.007931088421010403,0.13682882263810664,34.24760317802429
6094,0.007921044034579642,0.13212881248720348,34.25374412536621
6095,0.007911013228698121,0.1366438264933022,34.25896978378296
6096,0.007900995983530766,0.13195019576362052,34.2639102935791
6097,0.007890992278784498,0.13645912726892176,34.2693407535553
6098,0.007881002094689938,0.13177186565627486,34.275877714157104
6099,0.007871025411021125,0.13627472435799248,34.2824444770813
6100,0.0078610622080741,0.13159382157922458,34.28848147392273
6101,0.00785111246568977,0.13609061715459467,34.29371428489685
6102,0.007841176164229321,0.13141606294758915,34.29867339134216
6103,0.007831253283600282,0.13590680505468344,34.30416917800903
6104,0.007821343804228751,0.13123858917837392,34.31068253517151
6105,0.0078114477060886,0.13572328745562207,34.315876483917236
6106,0.007801564969670681,0.13106139969052918,34.322096824645996
6107,0.00779169557501491,0.13554006375635166,34.3271267414093
6108,0.007781839502676595,0.1308844939038065,34.33202052116394
6109,0.007771996732761518,0.13535713335778168,34.3376202583313
6110,0.007762167245889174,0.13070787123996983,34.345075368881226
6111,0.007752351022230947,0.13517449566181688,34.35043168067932
6112,0.00774254804247031,0.1305315311221459,34.355517625808716
6113,0.007732758286844006,0.13499215007271476,34.36048483848572
6114,0.007722981736099224,0.1303554729751755,34.36540246009827
6115,0.007713218370537811,0.1348100959956573,34.37042593955994
6116,0.007703468170970444,0.13017969622508108,34.37875533103943
6117,0.007693731117763834,0.13462833283760647,34.38416790962219
6118,0.007684007191791914,0.13000420029990692,34.389235973358154
6119,0.007674296373485994,0.13444686000708964,34.39420461654663
6120,0.007664598643783042,0.12982898462872794,34.39913845062256
6121,0.007654913983178758,0.13426567691455663,34.40532875061035
6122,0.007645242372672844,0.12965404864231633,34.41081237792969
6123,0.007635583792825168,0.13408478297142115,34.42754006385803
6124,0.007625938224697961,0.12947939177304016,34.43262529373169
6125,0.007616305648914988,0.13390417759126774,34.44041872024536
6126,0.00760668604660078,0.1293050134545726,34.445496797561646
6127,0.007597079398442761,0.1337238601885036,34.451199531555176
6128,0.0075874856856275605,0.12913091312241573,34.45628809928894
6129,0.007577904888906004,0.1335438301797813,34.46123766899109
6130,0.007568336989526531,0.1289570902130322,34.4710054397583
6131,0.00755878196830318,0.13336408698298538,34.47761797904968
6132,0.007549239806546001,0.12878354416482832,34.4832501411438
6133,0.007539710485131999,0.13318463001773073,34.48837161064148
6134,0.007530193985432572,0.128610274417751,34.493441581726074
6135,0.007520690288387411,0.133005458704382,34.50101399421692
6136,0.007511199375429112,0.12843728041293506,34.50734877586365
6137,0.007501721227559835,0.13282657246580803,34.51228189468384
6138,0.007492255826273076,0.1282645615930938,34.51766300201416
6139,0.00748280315263326,0.13264797072616455,34.52273488044739
6140,0.007473363188194578,0.12809211740220763,34.52763915061951
6141,0.007463935914083453,0.13246965291078563,34.53447675704956
6142,0.007454521311914512,0.127919947285889,34.54091429710388
6143,0.007445119362876009,0.13229161844677387,34.54589581489563
6144,0.007435730048642837,0.1277480506916342,34.55132007598877
6145,0.007426353350464757,0.132113866762714,34.556329011917114
6146,0.007416989250076665,0.1275764270675126,34.56122803688049
6147,0.007407637728789689,0.13193639728862458,34.56919741630554
6148,0.007398298768398495,0.1274050758638321,34.574562549591064
6149,0.007388972350275293,0.13175920945594774,34.581119775772095
6150,0.007379658456274345,0.12723399653202472,34.58670949935913
6151,0.007370357067828724,0.13158230269772944,34.59167408943176
6152,0.00736106816685204,0.12706318852483844,34.598241329193115
6153,0.007351791734837993,0.13140567644835927,34.607271671295166
6154,0.007342527753759323,0.1268926512965364,34.61223864555359
6155,0.007333276205170165,0.1312293301443581,34.617637395858765
6156,0.007324037071102164,0.126722384302724,34.622681617736816
6157,0.007314810333169636,0.13105326322275251,34.62939167022705
6158,0.007305595973462926,0.12655238700091936,34.63456320762634
6159,0.007296393973656332,0.13087747512261325,34.64095139503479
6160,0.00728720431589864,0.12638265884921476,34.645941734313965
6161,0.007278026981923926,0.1307019652846949,34.65133285522461
6162,0.007268861953939207,0.1262131993078758,34.65636444091797
6163,0.0072597092137380815,0.13052673315021354,34.66374135017395
6164,0.0072505687435856425,0.12604400783847447,34.669188261032104
6165,0.007241440525334766,0.13035177816280447,34.67421770095825
6166,0.007232324541308362,0.12587508390364602,34.679150104522705
6167,0.0072232207734184385,0.13017709976734784,34.68601202964783
6168,0.00721412920404544,0.12570642696732587,34.693747758865356
6169,0.007205049815160289,0.13000269741022413,34.698848485946655
6170,0.0071959825892008375,0.12553803649524814,34.704325914382935
6171,0.007186927508196632,0.12982857053875374,34.709269762039185
6172,0.007177884554642728,0.12536991195474587,34.714256048202515
6173,0.0071688537106271,0.12965471860200886,34.71922016143799
6174,0.0071598349587017555,0.12520205281386956,34.72672200202942
6175,0.007150828281012933,0.12948114105100414,34.731775760650635
6176,0.007141833660169341,0.12503445854218834,34.73736023902893
6177,0.007132851078375239,0.12930783733716292,34.742396116256714
6178,0.00712388051829594,0.12486712861132153,34.74735760688782
6179,0.007114921962193449,0.1291348069142169,34.752384662628174
6180,0.007105975392789427,0.12470006249358569,34.75980257987976
6181,0.007097040792403447,0.12896204923661678,34.76478433609009
6182,0.007088118143813325,0.12453325966286717,34.77034044265747
6183,0.007079207429395989,0.12878956376097314,34.77526259422302
6184,0.007070308631985158,0.12436671959407482,34.780359506607056
6185,0.007061421734014951,0.12861734994486276,34.789772272109985
6186,0.007052546718374814,0.12420044176433549,34.79486012458801
6187,0.007043683567555782,0.12844540724709008,34.8003625869751
6188,0.007034832264502807,0.12403442565122112,34.80538511276245
6189,0.0070259927917637,0.1282737351283057,34.810340881347656
6190,0.007017165132338684,0.12386867073404233,34.81529092788696
6191,0.007008349268832107,0.12810233305028781,34.82300901412964
6192,0.00699954518429931,0.12370317649365219,34.828123807907104
6193,0.006990752861400978,0.1279312004763536,34.833515882492065
6194,0.006981972283247321,0.12353794241180607,34.838639974594116
6195,0.006973203432555137,0.12776033687083113,34.84355807304382
6196,0.006964446292489355,0.1233729679720622,34.85314631462097
6197,0.0069557008458226675,0.12758974169991297,34.85838770866394
6198,0.006946967075774511,0.12320825265887753,34.863369941711426
6199,0.006938244965173281,0.12741941443100657,34.86876893043518
6200,0.0069295344972927116,0.12304379595844159,34.8737633228302
6201,0.006920835655016694,0.12724935453246242,34.87868523597717
6202,0.00691214842167307,0.12287959735809678,34.8880455493927
6203,0.006903472780201034,0.1270795614748433,34.893275022506714
6204,0.006894808713982301,0.12271565634613149,34.89831185340881
6205,0.006886156206011167,0.1269100347294943,34.903807640075684
6206,0.006877515239723067,0.12255197241282974,34.908716917037964
6207,0.0068688857981671885,0.1267407737693139,34.916524171829224
6208,0.006860267864832473,0.12238854504938297,34.92279934883118
6209,0.0068516614228227735,0.12657177806815853,34.927854776382446
6210,0.00684306645568036,0.12222537374829703,34.93324637413025
6211,0.006834482946563558,0.1264030471017303,34.93841552734375
6212,0.006825910879067752,0.12206245800321827,34.943313121795654
6213,0.006817350236405607,0.1262345803473269,34.949923515319824
6214,0.006808801002225409,0.12189979730972057,34.95600175857544
6215,0.006800263159793889,0.12606637728257228,34.961087465286255
6216,0.006791736692812073,0.12173739116398809,34.966482639312744
6217,0.006783221584600601,0.12589843738734977,34.971508264541626
6218,0.00677471781891302,0.12157523906405004,34.97898006439209
6219,0.006766225379123643,0.12573076014198606,34.984323501586914
6220,0.006757744249038387,0.12141334050872238,34.99213409423828
6221,0.006749274412085107,0.12556334502976382,34.99709987640381
6222,0.006740815852121816,0.1212516949981827,35.00251340866089
6223,0.0067323685526296945,0.12539619153346707,35.007519483566284
6224,0.006723932497518719,0.12109030203425666,35.014004707336426
6225,0.006715507670323177,0.12522929913814607,35.019946336746216
6226,0.006707094055004826,0.12092916111975438,35.025123834609985
6227,0.006698691635150867,0.12506266733006252,35.030076026916504
6228,0.006690300394774641,0.12076827175866439,35.03545641899109
6229,0.006681920317516088,0.12489629559671608,35.0441529750824
6230,0.00667355138743992,0.12060763345657691,35.04935812950134
6231,0.006665193588238629,0.12473018342661708,35.05545496940613
6232,0.006656846904028147,0.12044724572020629,35.06057333946228
6233,0.006648511318553283,0.12456433030999732,35.06594944000244
6234,0.006640186815981001,0.12028710805735417,35.07337951660156
6235,0.00663187338010829,0.12439873573858887,35.07879948616028
6236,0.0066235709951529284,0.1201272199770844,35.084293603897095
6237,0.006615279644963847,0.12423339920460724,35.091233015060425
6238,0.006606999313809479,0.11996758098997092,35.09637475013733
6239,0.006598729985590583,0.1240683202025865,35.1013548374176
6240,0.006590471644626051,0.11980819060770108,35.10866594314575
6241,0.006582224274868167,0.12390349822717169,35.113744497299194
6242,0.006573987860686148,0.11964904834312828,35.11920189857483
6243,0.006565762386083692,0.12373893277522935,35.1241352558136
6244,0.006557547835480081,0.11949015371041595,35.12903451919556
6245,0.006549344192930277,0.12357462334465724,35.134002923965454
6246,0.0065411514429034485,0.11933150622504746,35.14130735397339
6247,0.006532969569505583,0.12341056943442064,35.146377086639404
6248,0.006524798557255597,0.11917310540329028,35.151731729507446
6249,0.006516638390310314,0.12324677054512964,35.1567006111145
6250,0.0065084890532382195,0.1190149507632679,35.16178369522095
6251,0.006500350530246806,0.12308322617812804,35.170027017593384
6252,0.006492222805953912,0.11885704182396745,35.17522644996643
6253,0.006484105864617522,0.12291993583642585,35.18015694618225
6254,0.006475999690904684,0.11869937810568065,35.18564534187317
6255,0.006467904269123665,0.12275689902423058,35.19058656692505
6256,0.006459819583990536,0.11854195912987324,35.19714117050171
6257,0.006451745619863689,0.12259411524700523,35.204798221588135
6258,0.006443682361508025,0.11838478441932238,35.2099814414978
6259,0.006435629793331853,0.12243158401111114,35.21495461463928
6260,0.006427587900148762,0.11822785349782326,35.22040128707886
6261,0.006419556666416828,0.12226930482471259,35.22536325454712
6262,0.006411536076998102,0.11807116589051767,35.23290657997131
6263,0.006403526116400242,0.12210727719696858,35.2391791343689
6264,0.006395526769533642,0.11791472112382043,35.24420213699341
6265,0.006387538020955325,0.12194550063814642,35.24958300590515
6266,0.0063795598556238035,0.11775851872492944,35.254573345184326
6267,0.006371592258145367,0.121783974659922,35.25946354866028
6268,0.0063636352135264754,0.11760255822275202,35.26631426811218
6269,0.006355688706422449,0.12162269877527729,35.272573471069336
6270,0.00634775272188754,0.1174468391468663,35.277649879455566
6271,0.006339827244625958,0.1214616724983876,35.28308391571045
6272,0.006331912259739567,0.11729136102871887,35.28814339637756
6273,0.0063240077519812294,0.12130089534397955,35.29304361343384
6274,0.00631611370650029,0.1171361234003581,35.301496267318726
6275,0.006308230108098126,0.12114036682908365,35.30772113800049
6276,0.006300356941971354,0.1169811257951809,35.31270217895508
6277,0.0062924941929697,0.12098008647148088,35.318129539489746
6278,0.0062846418463368805,0.11682636774767505,35.32309412956238
6279,0.006276799886970785,0.12082005378983411,35.329882860183716
6280,0.006268968300162054,0.11667184879378426,35.33597207069397
6281,0.006261147070856595,0.12066026830441322,35.34124684333801
6282,0.006253336184391808,0.11651756847018911,35.34627342224121
6283,0.006245535625761422,0.1205007295365819,35.35167169570923
6284,0.006237745380349425,0.1163635263151371,35.35665321350098
6285,0.00622996543319721,0.12034143700887065,35.36320090293884
6286,0.006222195769735192,0.11620972186771819,35.36918568611145
6287,0.006214436375052248,0.12018239024505308,35.381422996520996
6288,0.006206687234625064,0.11605615466856299,35.38807821273804
6289,0.006198948333589815,0.12002358876988338,35.394346714019775
6290,0.006191219657469294,0.11590282425892814,35.40119290351868
6291,0.006183501191446804,0.11986503210967867,35.406280755996704
6292,0.006175792921091067,0.11574973018150751,35.41124415397644
6293,0.006168094831632373,0.11970671979160136,35.416255235672
6294,0.006160406908685219,0.1155968719803115,35.42284870147705
6295,0.006152729137526685,0.11954865134436232,35.42832326889038
6296,0.006145061503816888,0.11544424920032212,35.433680057525635
6297,0.006137403992879538,0.11939082629730258,35.438663721084595
6298,0.006129756590420175,0.11529186138737761,35.44369077682495
6299,0.00612211928180899,0.1192332441814169,35.448647260665894
6300,0.006114492052796816,0.11513970808884794,35.45635938644409
6301,0.006106874888800132,0.11907590452867825,35.46152114868164
6302,0.006099267775614886,0.11498778885313786,35.466854095458984
6303,0.006091670698703713,0.1189188068725076,35.47191882133484
6304,0.006084083643907483,0.1148361032291495,35.47682046890259
6305,0.006076506596734826,0.11876195074732557,35.48178148269653
6306,0.006068939543071429,0.11468465076814757,35.489014863967896
6307,0.0060613824684717064,0.11860533568829101,35.4942831993103
6308,0.006053835358865973,0.11453343102159834,35.50121092796326
6309,0.006046298199854292,0.1184489612318527,35.50628066062927
6310,0.006038770977411463,0.11438244354244637,35.51121759414673
6311,0.006031253677183037,0.11829282691617246,35.51870131492615
6312,0.006023746285188117,0.11423168788441794,35.524131059646606
6313,0.006016248787117571,0.11813693227997504,35.52916741371155
6314,0.006008761169034677,0.11408116360283908,35.53457045555115
6315,0.006001283416675471,0.11798127686347222,35.53961157798767
6316,0.005993815516147215,0.11393087025365736,35.544642210006714
6317,0.005986357453230939,0.11782586020784948,35.5521023273468
6318,0.005978909214077756,0.11378080739415646,35.557448863983154
6319,0.005971470784513522,0.1176706818552566,35.562482833862305
6320,0.005964042150733066,0.11363097458270349,35.56785988807678
6321,0.005956623298606923,0.11751574134961182,35.57343626022339
6322,0.005949214214373433,0.11348137137863094,35.578457832336426
6323,0.005941814883947662,0.117361038235326,35.58525061607361
6324,0.005934425293611325,0.11333199734253253,35.59059453010559
6325,0.00592704542932384,0.11720657205801338,35.59559774398804
6326,0.005919675277410169,0.11318285203606657,35.60255479812622
6327,0.005912314823873944,0.11705234236479574,35.607643604278564
6328,0.005904964055083148,0.1130339350216943,35.613322496414185
6329,0.005897622957085493,0.11689834870362047,35.61950469017029
6330,0.005890291516291881,0.1128852458633439,35.62482237815857
6331,0.005882969718793901,0.11674459062327769,35.62984919548035
6332,0.005875657551045237,0.11273678412595972,35.635262966156006
6333,0.005868354999181208,0.11659106767438872,35.64032292366028
6334,0.0058610620496981096,0.11258854937521777,35.64897036552429
6335,0.005853778688774849,0.11643777940818079,35.65510606765747
6336,0.005846504902950165,0.1124405411782775,35.660223960876465
6337,0.005839240678446406,0.1162847253769218,35.66557025909424
6338,0.005831986001844621,0.11229275910313079,35.67067313194275
6339,0.0058247408594104206,0.11613190513404205,35.67628502845764
6340,0.005817505237767019,0.11214520271886567,35.68172097206116
6341,0.00581027912322317,0.1159793182345734,35.687801361083984
6342,0.005803062502444077,0.1119978715956649,35.692893981933594
6343,0.005795855361781462,0.11582696423399336,35.69809126853943
6344,0.0057886576879424,0.1118507653048207,35.70508313179016
6345,0.005781469467321418,0.11567484268911514,35.71094369888306
6346,0.005774290686667313,0.11170388341849251,35.71609306335449
6347,0.005767121332417295,0.1155229531580037,35.72218418121338
6348,0.005759961391361703,0.11155722551016682,35.72724890708923
6349,0.0057528108499802525,0.11537129519922287,35.7325496673584
6350,0.005745669695104738,0.11141079115421702,35.737674713134766
6351,0.005738537913257208,0.11521986837308093,35.74432730674744
6352,0.0057314154913107335,0.11126457992606822,35.74971342086792
6353,0.005724302415829584,0.11506867224067237,35.75480556488037
6354,0.005717198673727968,0.11111859140198004,35.75975275039673
6355,0.00571010425161222,0.11491770636447537,35.76471972465515
6356,0.0057030191364375125,0.11097282515951236,35.77340841293335
6357,0.00569594331485212,0.1147669703076266,35.77856636047363
6358,0.005688876773852043,0.11082728077722369,35.78396534919739
6359,0.005681819500127316,0.1146164636343455,35.78921985626221
6360,0.0056747714807146325,0.11068195783458544,35.794184923172
6361,0.005667732702345674,0.11446618591033046,35.799805879592896
6362,0.005660703152097669,0.1105368559122778,35.80801510810852
6363,0.005653682816743782,0.11431613670184007,35.81314015388489
6364,0.005646671683401637,0.110391974591887,35.81871247291565
6365,0.005639669738885725,0.1141663155762783,35.8237419128418
6366,0.005632676970353968,0.11024731345618648,35.82866644859314
6367,0.005625693364662017,0.11401672210243154,35.83656048774719
6368,0.005618718909007909,0.11010287208866174,35.84184384346008
6369,0.00561175359028836,0.11386735584986411,35.84782528877258
6370,0.005604797395741382,0.10995865007409351,35.85337781906128
6371,0.005597850312304588,0.1137182163894945,35.85837411880493
6372,0.005590912327255821,0.10981464699786735,35.863314151763916
6373,0.0055839834275734496,0.11356930329281636,35.87014389038086
6374,0.005577063600575026,0.10967086244684747,35.87534832954407
6375,0.005570152833279517,0.11342061613263268,35.880332708358765
6376,0.005563251113044035,0.10952729600864342,35.88594031333923
6377,0.0055563584269280415,0.11327215448304553,35.89099359512329
6378,0.005549474762328066,0.10938394727206037,35.89901614189148
6379,0.005542600106343866,0.11312391791837852,35.905266523361206
6380,0.005535734446411271,0.10924081582681461,35.91197156906128
6381,0.005528877769670235,0.11297590601478479,35.91734766960144
6382,0.00552203006359573,0.10909790126347212,35.922696590423584
6383,0.005515191315367744,0.112828118349119,35.92933249473572
6384,0.00550836151250025,0.10895520317366948,35.93554449081421
6385,0.005501540642213173,0.11268055449957481,35.94090008735657
6386,0.00549472869205934,0.1088127211500844,35.9460084438324
6387,0.005487925649298442,0.11253321404492345,35.95139503479004
6388,0.005481131501522042,0.10867045478637476,35.95642948150635
6389,0.005474346236029445,0.11238609656507609,35.96310591697693
6390,0.005467569840450827,0.10852840367720813,35.96908688545227
6391,0.005460802302124983,0.11223920164105015,35.97445368766785
6392,0.005454043608720548,0.1083865674183395,35.979418992996216
6393,0.005447293747615675,0.11209252885488465,35.984779834747314
6394,0.005440552706517311,0.10824494560604456,35.99006128311157
6395,0.0054338204728428385,0.11194607778961607,35.99594831466675
6396,0.005427097034337388,0.1081035378379722,36.001938343048096
6397,0.005420382378457413,0.1117998480291176,36.00715780258179
6398,0.005413676492986137,0.10796234371300348,36.013843297958374
6399,0.005406979365418929,0.11165383915843956,36.01930809020996
6400,0.00540029098357695,0.10782136283026658,36.0268177986145
6401,0.005393611334994369,0.11150805076383401,36.03201985359192
6402,0.005386940407530141,0.10768059479025102,36.03815197944641
6403,0.005380278188757119,0.11136248243232012,36.04333543777466
6404,0.0053736246665718945,0.10754003919423359,36.048736572265625
6405,0.005366979828585867,0.11121713375167681,36.05389404296875
6406,0.0053603436627331765,0.1073996956450127,36.060548543930054
6407,0.005353716156663603,0.11107200431107744,36.06598401069641
6408,0.005347097298348705,0.10725956374579432,36.07162547111511
6409,0.0053404870754765275,0.11092709370045503,36.076669454574585
6410,0.0053338854760558874,0.10711964310077021,36.08171558380127
6411,0.005327292487812953,0.1107824015106632,36.089226961135864
6412,0.005320708098793712,0.10697993331527969,36.09458684921265
6413,0.005314132296762346,0.11063792733400296,36.1001398563385
6414,0.0053075650698018,0.10684043399534625,36.10524916648865
6415,0.005301006405714167,0.11049367076319908,36.11173605918884
6416,0.005294456292619274,0.10670114474833109,36.11710739135742
6417,0.0052879147183569186,0.11034963139214812,36.12386679649353
6418,0.005281381671083725,0.10656206518226052,36.12892937660217
6419,0.005274857138677086,0.11020580881578736,36.13437509536743
6420,0.00526834110933024,0.10642319490615557,36.13937544822693
6421,0.005261833570958065,0.1100622026300922,36.14438986778259
6422,0.005255334511790287,0.10628453352998833,36.15183925628662
6423,0.005248843919779131,0.10991881243161875,36.15729737281799
6424,0.0052423617831907155,0.10614608066462025,36.162476778030396
6425,0.005235888090014487,0.10977563781854374,36.16798520088196
6426,0.005229422828552785,0.10600783592178052,36.17301678657532
6427,0.005222965986832166,0.10963267838959136,36.17798113822937
6428,0.00521651755319107,0.10586979891437956,36.18522834777832
6429,0.005210077515692999,0.10948993374407917,36.19074368476868
6430,0.005203645862712436,0.10573196925600983,36.197543144226074
6431,0.00519722258234969,0.10934740348298311,36.202932834625244
6432,0.005190807663015107,0.10559434656135666,36.20796751976013
6433,0.005184401092845722,0.10920508720798013,36.21615433692932
6434,0.005178002860287618,0.10545693044596295,36.22192049026489
6435,0.0051716129535144,0.1090629845215881,36.22702193260193
6436,0.005165231361007766,0.10531972052597142,36.232362031936646
6437,0.0051588580709777815,0.10892109502730275,36.23744177818298
6438,0.005152493071941654,0.10518271641903527,36.24240589141846
6439,0.005146136352145754,0.10877941832944392,36.24831557273865
6440,0.0051397879001426885,0.10504591774353227,36.25449204444885
6441,0.0051334477042150215,0.10863795403375938,36.25961184501648
6442,0.005127115752950603,0.10490932411827616,36.265028953552246
6443,0.005120792034668059,0.10849670174620944,36.27020502090454
6444,0.005114476537990388,0.10477293516349294,36.27520751953125
6445,0.0051081692512721846,0.10835566107457713,36.280888080596924
6446,0.00510187016317144,0.1046367505002301,36.286590337753296
6447,0.005095579262078562,0.1082148316265688,36.29190707206726
6448,0.00508929653668645,0.10450076975042952,36.29700565338135
6449,0.00508302197542122,0.10807421301176576,36.3025484085083
6450,0.0050767555670105284,0.10436499253667125,36.30917930603027
6451,0.0050704972999160575,0.10793380483979853,36.31463170051575
6452,0.005064247162900142,0.10422941848291342,36.32207012176514
6453,0.0050580051444599,0.10779360672193918,36.327096462249756
6454,0.0050517712333922,0.10409404721344778,36.332472801208496
6455,0.0050455454182295155,0.1076536182703677,36.337605714797974
6456,0.005039327687803087,0.10395887835364474,36.34333300590515
6457,0.0050331180306806295,0.10751383909770569,36.34855103492737
6458,0.00502691643572765,0.10382391152992501,36.35438084602356
6459,0.005020722891546978,0.10737426881766957,36.359484910964966
6460,0.005014537387038306,0.1036891463698029,36.36483716964722
6461,0.005008359910839414,0.10723490704486136,36.37000751495361
6462,0.0050021904518840615,0.10355458250119857,36.37665939331055
6463,0.00499602899884487,0.10709575339501468,36.38208508491516
6464,0.004989875540689532,0.10342021955300115,36.38721418380737
6465,0.0049837300661254216,0.10695680748466005,36.39242386817932
6466,0.004977592564154047,0.10328605715514051,36.39745545387268
6467,0.00497146302351738,0.10681806893118925,36.4046356678009
6468,0.004965341433250643,0.10315209493844159,36.41015028953552
6469,0.004959227782130315,0.10667953735277323,36.415528535842896
6470,0.0049531220592251984,0.10301833253457666,36.42235612869263
6471,0.004947024253346139,0.10654121236849992,36.42734670639038
6472,0.004940934353595412,0.10288476957571807,36.43238019943237
6473,0.004934852348818132,0.10640309359879835,36.439051389694214
6474,0.004928778228149936,0.10275140569547085,36.4442675113678
6475,0.0049227119804700695,0.10626518066455048,36.44970703125
6476,0.0049166535949474385,0.1026182405281702,36.45477914810181
6477,0.004910603060495288,0.10612747318750392,36.45971083641052
6478,0.0049045603663156545,0.10248527370859346,36.46474099159241
6479,0.004898525501355714,0.1059899707908665,36.47135663032532
6480,0.004892498454850482,0.10235250487257264,36.476470708847046
6481,0.004886479215780935,0.10585267309775827,36.481853723526
6482,0.0048804677734150155,0.10221993365723792,36.48692870140076
6483,0.0048744641167673556,0.10571557973291483,36.4920437335968
6484,0.00486846823513872,0.10208755970029063,36.497175455093384
6485,0.004862480117577282,0.10557869032191969,36.50412917137146
6486,0.004856499753416455,0.10195538263986678,36.509262800216675
6487,0.004850527131737888,0.10544200449088084,36.51463007926941
6488,0.00484456224190756,0.10182340211542948,36.521249294281006
6489,0.004838605073040438,0.10530552186714756,36.526339292526245
6490,0.004832655614534985,0.10169161776721809,36.53205466270447
6491,0.00482671385553938,0.10516924207891354,36.53843450546265
6492,0.004820779785484397,0.10156002923618669,36.543495893478394
6493,0.004814853393551345,0.10503316475480616,36.54895806312561
6494,0.004808934669203219,0.10142863616399853,36.554149866104126
6495,0.004803023601654336,0.10489728952501909,36.559109926223755
6496,0.004797120180399819,0.10129743819379261,36.56589198112488
6497,0.004791224394686841,0.10476161601967435,36.57397747039795
6498,0.004785336234042568,0.10116643496907861,36.57908320426941
6499,0.004779455687746917,0.10462614387069195,36.58452248573303
6500,0.004773582745358946,0.1010356261337029,36.58961510658264
6501,0.0047677173961912424,0.1044908727103797,36.59722113609314
6502,0.004761859629834682,0.10090501133348133,36.603435754776
6503,0.00475600943563438,0.10435580217203232,36.60856056213379
6504,0.0047501668032128835,0.1007745902140432,36.613542318344116
6505,0.004744331721947771,0.1042209318896513,36.61901593208313
6506,0.004738504181493148,0.10064436242254722,36.62746787071228
6507,0.004732684171258919,0.10408626149818245,36.63290023803711
6508,0.004726871680930667,0.10051432760650936,36.63913297653198
6509,0.004721066699950516,0.10395179063376217,36.6441605091095
6510,0.004715269218035391,0.10038448541412608,36.649669885635376
6511,0.004709479224659528,0.10381751893283307,36.654770612716675
6512,0.004703696709571131,0.10025483549527657,36.661389112472534
6513,0.004697921662276404,0.1036834460328127,36.66660475730896
6514,0.004692154072554718,0.1001253774998807,36.67275023460388
6515,0.004686393929944158,0.10354957157201028,36.677812337875366
6516,0.004680641224255131,0.09999611107880266,36.68319606781006
6517,0.004674895945057505,0.10341589518974155,36.688323974609375
6518,0.004669158082192642,0.0998670358839621,36.694371938705444
6519,0.004663427625262073,0.1032824165260701,36.699589252471924
6520,0.004657704564138001,0.0997381515679309,36.70575141906738
6521,0.0046519888884535105,0.10314913522183941,36.710763454437256
6522,0.004646280588111517,0.09960945778367168,36.71609878540039
6523,0.0046405796527765894,0.10301605091898128,36.72517418861389
6524,0.004634886072382249,0.0994809541857693,36.73037838935852
6525,0.00462919983662441,0.10288316325946195,36.73581051826477
6526,0.0046235209354671455,0.0993526404292805,36.74079656600952
6527,0.004617849358637585,0.10275047188709541,36.76141691207886
6528,0.0046121850961302335,0.09922451616976764,36.77028703689575
6529,0.004606528137703343,0.10261797644574441,36.77824831008911
6530,0.004600878473381755,0.09909658106400647,36.794081926345825
6531,0.004595236092954758,0.10248567658093559,36.80960726737976
6532,0.004589600986477376,0.09896883476907743,36.831777572631836
6533,0.004583973143769821,0.10235357193790652,36.8407826423645
6534,0.004578352554917258,0.09884127694354206,36.85125374794006
6535,0.0045727392097707166,0.10222166216356132,36.85898971557617
6536,0.004567133098445353,0.09871390724618588,36.867828607559204
6537,0.004561534210822932,0.1020899469055292,36.87698721885681
6538,0.004555942537048488,0.09858672533634838,36.898093938827515
6539,0.0045503580670344344,0.10195842581205085,36.91918063163757
6540,0.004544780790955592,0.09845973087517598,36.9267578125
6541,0.004539210698754866,0.10182709853186332,36.943315744400024
6542,0.004533647780636842,0.09833292352384652,36.95383048057556
6543,0.004528092026574794,0.10169596471515661,36.95967650413513
6544,0.004522543426802884,0.09820630294429072,36.96721863746643
6545,0.004517001971324732,0.10156502401271526,36.972487926483154
6546,0.004511467650404009,0.09807986879943233,36.977803230285645
6547,0.004505940454074505,0.1014342760758011,36.98905301094055
6548,0.004500420372629321,0.09795362075309753,36.996835231781006
6549,0.004494907396132341,0.10130372055689313,37.00705599784851
6550,0.004489401514905968,0.09782755846958713,37.03380298614502
6551,0.004483902719044091,0.10117335710907835,37.051074504852295
6552,0.004478410998898313,0.09770168161394953,37.05963730812073
6553,0.004472926344592431,0.10104318538639633,37.06806778907776
6554,0.004467448746507141,0.09757598985227112,37.08444881439209
6555,0.004461978194796051,0.10091320504339016,37.09186100959778
6556,0.004456514679868849,0.09745048285125377,37.099663972854614
6557,0.004451058191908862,0.10078341573571235,37.10503435134888
6558,0.004445608721354702,0.09732516027844407,37.11376452445984
6559,0.004440166258419268,0.10065381711961553,37.119144916534424
6560,0.004434730793569983,0.09720002180212363,37.124441623687744
6561,0.004429302317049267,0.10052440885228313,37.129393577575684
6562,0.0044238808193532535,0.09707506709138991,37.13461375236511
6563,0.004418466290753749,0.10039519059118221,37.13955211639404
6564,0.004413058721775516,0.09695029581583618,37.14715504646301
6565,0.004407658102719659,0.10026616199536106,37.15252494812012
6566,0.00440226442413948,0.09682570764623726,37.158419609069824
6567,0.004396877676365278,0.1001373227241343,37.16396117210388
6568,0.004391497849978776,0.09670130225381043,37.16905975341797
6569,0.004386124935339387,0.10000867243769182,37.17444396018982
6570,0.0043807589230571535,0.09657707931045044,37.17971467971802
6571,0.0043753998035205134,0.09988021079721454,37.185152769088745
6572,0.004370047567367738,0.09645303848899622,37.190322160720825
6573,0.004364702205016151,0.09975193746414976,37.19531178474426
6574,0.004359363707132198,0.09632917946315843,37.20060157775879
6575,0.004354032064162031,0.09962385210141786,37.20968723297119
6576,0.0043487072668001265,0.09620550190723694,37.215057373046875
6577,0.004343389305521316,0.09949595437172654,37.220155239105225
6578,0.004338078171048056,0.09608200549605428,37.22512197494507
6579,0.0043327738538838255,0.09936824393979281,37.23019814491272
6580,0.004327476344778925,0.09595868990555721,37.23560905456543
6581,0.004322185634265351,0.09924072047012064,37.24187970161438
6582,0.004316901713121177,0.09583555481240741,37.24894618988037
6583,0.004311624571906824,0.09911338362836362,37.254233837127686
6584,0.004306354201428029,0.09571259989343427,37.273486852645874
6585,0.004301090592273568,0.09898623308120877,37.27951455116272
6586,0.004295833735276753,0.09558982482685022,37.28507208824158
6587,0.00429058362105459,0.0988592684953552,37.29016733169556
6588,0.004285340240467898,0.09546722929149196,37.295140743255615
6589,0.004280103584161811,0.09873248953893429,37.303056955337524
6590,0.004274873643024546,0.09534481296655181,37.30837154388428
6591,0.0042696504077293,0.09860589588061672,37.31351637840271
6592,0.004264433869191585,0.09522257553232655,37.31927514076233
6593,0.004259224018112552,0.09847948718971503,37.32456564903259
6594,0.004254020845434936,0.0951005166698434,37.32963037490845
6595,0.004248824341887759,0.09835326313623023,37.33570957183838
6596,0.004243634498440869,0.0949786360607037,37.340840339660645
6597,0.004238451305851056,0.09822722339118316,37.34793996810913
6598,0.004233274755115207,0.09485693338714907,37.35308361053467
6599,0.00422810483701778,0.09810136762618954,37.358195066452026
6600,0.004222941542582638,0.09473540833254965,37.36484885215759
6601,0.00421778486262179,0.09797569551375786,37.370651960372925
6602,0.004212634788185953,0.09461406058033588,37.37632656097412
6603,0.004207491310114658,0.09785020672693831,37.38168716430664
6604,0.004202354419485356,0.09449288981518962,37.386756896972656
6605,0.004197224107164988,0.09772490093953264,37.39177465438843
6606,0.004192100364257692,0.09437189572232804,37.39862108230591
6607,0.004186983181657695,0.09759977782623436,37.40435838699341
6608,0.004181872550495725,0.09425107798750015,37.40945053100586
6609,0.004176768461693264,0.09747483706263,37.41463351249695
6610,0.004171670906407525,0.09413043629762567,37.41973924636841
6611,0.004166579875587089,0.09735007832432788,37.424726486206055
6612,0.004161495360415594,0.09400997033996508,37.43112635612488
6613,0.004156417351868667,0.09722550128827603,37.43668532371521
6614,0.004151345841156254,0.09388967980257196,37.44200778007507
6615,0.004146280819280951,0.09710110563231113,37.44741249084473
6616,0.004141222277478911,0.0937695643739152,37.45418643951416
6617,0.0041361702067795915,0.0969768910345329,37.4596951007843
6618,0.0041311245984453375,0.09364962374406682,37.46510434150696
6619,0.0041260854435323496,0.0968528571737857,37.4706597328186
6620,0.004121052733328988,0.09352985760256959,37.47572684288025
6621,0.004116026458918178,0.09672900372997631,37.48088479042053
6622,0.00411100661161427,0.09341026564072923,37.48669123649597
6623,0.004105993182526755,0.09660533038344998,37.49342179298401
6624,0.004100986162995881,0.09329084755010762,37.49866223335266
6625,0.004095985544157639,0.09648183681523383,37.50428533554077
6626,0.004090991317378051,0.09317160302268095,37.50941586494446
6627,0.0040860034738195595,0.09635852270742433,37.51477766036987
6628,0.004081022004873908,0.09305253175160076,37.519917726516724
6629,0.004076046901729849,0.0962353877426255,37.526695251464844
6630,0.004071078155804755,0.09293363343046028,37.531869649887085
6631,0.004066115758313633,0.09611243160405913,37.53763818740845
6632,0.004061159700699392,0.09281490775343551,37.5432915687561
6633,0.004056209974203178,0.09598965397558305,37.54868197441101
6634,0.004051266570293381,0.09269635441572809,37.557857036590576
6635,0.0040463294802372185,0.0958670545422248,37.56300973892212
6636,0.004041398695528459,0.0925779731130046,37.568665742874146
6637,0.0040364742074602885,0.09574463298927785,37.57370972633362
6638,0.004031556007551765,0.09245976354149942,37.57887506484985
6639,0.004026644087121979,0.09562238900290716,37.58397030830383
6640,0.004021738437715189,0.09234172539846652,37.59099292755127
6641,0.004016839050676303,0.09550032226974767,37.59689736366272
6642,0.0040119459175747205,0.09222385838169639,37.60214805603027
6643,0.004007059029781058,0.09537843247757839,37.60734438896179
6644,0.004002178378889755,0.09210616218947418,37.61238956451416
6645,0.003997303956297055,0.09525671931435573,37.6201548576355
6646,0.003992435753622371,0.09198863652078246,37.62545204162598
6647,0.003987573762287531,0.09513518246954987,37.63073992729187
6648,0.0039827179739367795,0.0918712810754917,37.6358528137207
6649,0.00397786838001743,0.09501382163235529,37.640870571136475
6650,0.003973024972198531,0.09175409555397844,37.64598751068115
6651,0.003968187741952769,0.09489263649320946,37.654999017715454
6652,0.0039633566809739295,0.0916370796575686,37.66019082069397
6653,0.003958531780759982,0.09477162674319789,37.66561675071716
6654,0.003953713033029335,0.09152023308770132,37.67069673538208
6655,0.003948900429305199,0.09465079207405555,37.67566251754761
6656,0.0039440939613305265,0.09140355554697857,37.68488168716431
6657,0.003939293620653669,0.09453013217795926,37.69028425216675
6658,0.0039344993990420365,0.09128704673856357,37.69528079032898
6659,0.003929711288069037,0.09440964674807531,37.70071530342102
6660,0.003924929279526472,0.09117070636619817,37.70621609687805
6661,0.003920153365012717,0.09428933547816847,37.71126937866211
6662,0.003915383536343886,0.0910545341342863,37.7185640335083
6663,0.003910619785143263,0.09416919806294842,37.723695278167725
6664,0.003905862103251168,0.09093852974771269,37.7288019657135
6665,0.0039011104823156906,0.09404923419723582,37.73429250717163
6666,0.0038963649142012982,0.0908226929124194,37.73925542831421
6667,0.0038916253905808052,0.09392944357690013,37.746668577194214
6668,0.0038868919033427625,0.09070702333480894,37.75262093544006
6669,0.0038821644441846288,0.09380982589837335,37.75981044769287
6670,0.003877443005018937,0.09059152072184642,37.76528763771057
6671,0.0038727275775677066,0.09369038085895386,37.77060127258301
6672,0.0038680181537673964,0.09047618478138116,37.77799153327942
6673,0.003863314725364496,0.09357110815635142,37.783549308776855
6674,0.00385861728431927,0.09036101522128703,37.788835525512695
6675,0.0038539258224026657,0.09345200748931574,37.79384398460388
6676,0.003849240331598682,0.09024601175104485,37.79925990104675
6677,0.0038445608037025727,0.09333307855663031,37.80459761619568
6678,0.0038398872307220102,0.09013117408006827,37.81206822395325
6679,0.003835219604476514,0.09321432105828042,37.81845498085022
6680,0.003830557916997352,0.09001650191875481,37.82363295555115
6681,0.0038259021601281962,0.0930957346949196,37.8286247253418
6682,0.0038212523259238502,0.08990199497790387,37.83404469490051
6683,0.0038166084062520424,0.09297731916744985,37.83911347389221
6684,0.0038119703931910323,0.08978765296912607,37.8455855846405
6685,0.0038073382786325714,0.09285907417795539,37.85157561302185
6686,0.0038027120546782664,0.08967347560433835,37.85832715034485
6687,0.003798091713243799,0.09274099942871539,37.86369204521179
6688,0.003793477246454064,0.08955946259684311,37.86875104904175
6689,0.003788868646248606,0.09262309462294925,37.87569618225098
6690,0.0037842659047755307,0.0894456136597436,37.88091468811035
6691,0.003779669013998138,0.09250535946453083,37.886635541915894
6692,0.0037750779660876846,0.08933192850745791,37.89202165603638
6693,0.003770492753031158,0.09238779365747188,37.89729833602905
6694,0.0037659133670228774,0.08921840685461817,37.902432680130005
6695,0.0037613398000734648,0.09227039690747514,37.90939164161682
6696,0.0037567720444002016,0.0891050484163503,37.914722204208374
6697,0.0037522100920372456,0.09215316891982774,37.91979646682739
6698,0.0037476539352248013,0.08899185290887451,37.925106048583984
6699,0.0037431035660204877,0.092036109401208,37.93053221702576
6700,0.003738558976687343,0.08887882004865857,37.939351081848145
6701,0.0037340201593063674,0.09191921805852116,37.94446396827698
6702,0.0037294871061633724,0.08876594955310017,37.949843883514404
6703,0.0037249598093626653,0.09180249459953248,37.95478844642639
6704,0.0037204382612127363,0.08865324113982467,37.96124315261841
6705,0.0037159224538411252,0.09168593873265408,37.96784949302673
6706,0.0037114123795789484,0.08854069452750242,37.973649978637695
6707,0.003706908030576893,0.09156955016663666,37.97868251800537
6708,0.0037024093991886134,0.08842830943506244,37.984501361846924
6709,0.00369791647758788,0.09145332861122579,37.98948097229004
6710,0.003693429258150807,0.08831608558247633,37.99444603919983
6711,0.0036889477330741844,0.09133727377639166,38.00221300125122
6712,0.003684471894756503,0.08820402268981196,38.007392168045044
6713,0.0036800017354175043,0.09122138537363758,38.01283884048462
6714,0.0036755372474779916,0.08809212047796394,38.01800179481506
6715,0.0036710784231805517,0.09110566311411913,38.02292728424072
6716,0.003666625254968256,0.0879803786687956,38.027868032455444
6717,0.0036621777351064618,0.09099010670983596,38.03537583351135
6718,0.0036577358560603967,0.08786879698403356,38.04054522514343
6719,0.003653299610118151,0.0908747158740094,38.045572996139526
6720,0.0036488689897670474,0.08775737514683961,38.051186323165894
6721,0.0036444439873178167,0.09075949031953627,38.05622577667236
6722,0.0036400245952798223,0.08764611288059274,38.06409239768982
6723,0.0036356108059863285,0.09064442976081166,38.06998896598816
6724,0.003631202611968657,0.08753500990897191,38.07508325576782
6725,0.003626800005582567,0.09052953391211026,38.080464601516724
6726,0.0036224029793812886,0.08742406595693568,38.0855667591095
6727,0.003618011525742983,0.09041480248912431,38.090919733047485
6728,0.0036136256372426814,0.08731328074938956,38.09824275970459
6729,0.0036092453062809065,0.09030023520763347,38.104026317596436
6730,0.003604870525454419,0.08720265401204937,38.10905408859253
6731,0.003600501287186003,0.09018583178400927,38.11434245109558
6732,0.0035961375840941174,0.0870921854716248,38.11937618255615
6733,0.003591779408623748,0.0900715919356945,38.1242790222168
6734,0.0035874267534149393,0.08698187485478022,38.13080143928528
6735,0.0035830796109348135,0.08995751538027079,38.13657736778259
6736,0.0035787379738449515,0.08687172188950404,38.141606092453
6737,0.003574401834634525,0.08984360183614552,38.147345781326294
6738,0.003570071185986564,0.08676172630348106,38.15246224403381
6739,0.0035657460204122277,0.08972985102227078,38.15740919113159
6740,0.003561426330615957,0.08665188782585885,38.16636896133423
6741,0.003557112109130821,0.08961626265834258,38.17163586616516
6742,0.0035528033486825587,0.08654220618559119,38.17672109603882
6743,0.0035485000418260925,0.08950283646465516,38.18211579322815
6744,0.003544202181308429,0.08643268111286954,38.18721628189087
6745,0.003539909759706266,0.08938957216194256,38.19387340545654
6746,0.00353562276978777,0.08632331233816758,38.19917416572571
6747,0.003531341204151348,0.08927646947146346,38.20535492897034
6748,0.0035270650555863045,0.08621409959281459,38.21046233177185
6749,0.0035227943167126592,0.08916352811529053,38.21601462364197
6750,0.003518528980340774,0.08610504260852524,38.221075773239136
6751,0.003514269039112218,0.0890507478159736,38.227492570877075
6752,0.0035100144858583367,0.08599614111739226,38.23292112350464
6753,0.003505765313242192,0.08893812829704764,38.23825788497925
6754,0.003501521514116038,0.08588739485204464,38.243245363235474
6755,0.0034972830811643703,0.08882566928249494,38.248597383499146
6756,0.003493050007260282,0.08577880354631208,38.258065700531006
6757,0.0034888222851096043,0.08871337049621224,38.26351046562195
6758,0.0034845999076062294,0.08567036693403986,38.270196199417114
6759,0.0034803828674772807,0.08860123166382065,38.27524733543396
6760,0.003476171157637333,0.08556208474971944,38.282105684280396
6761,0.0034719647708347156,0.08848925251033714,38.289127588272095
6762,0.0034677637000046957,0.08545395672890282,38.294419288635254
6763,0.0034635679379167337,0.08837743276243895,38.29988670349121
6764,0.0034593774775266454,0.08534598260702472,38.30499339103699
6765,0.0034551923116249938,0.08826577214679072,38.31042289733887
6766,0.0034510124331880907,0.08523816212030907,38.31559944152832
6767,0.0034468378350275167,0.08815427039096331,38.3226432800293
6768,0.0034426685101400416,0.08513049500582219,38.32769846916199
6769,0.003438504451358167,0.08804292722273689,38.33323121070862
6770,0.003434345651699043,0.08502298100095525,38.338340282440186
6771,0.0034301921040160587,0.08793174237064445,38.34335207939148
6772,0.0034260438013466754,0.08491561984385064,38.35112643241882
6773,0.003421900736565086,0.08782071556408749,38.35692286491394
6774,0.003417762902729,0.08480841127297307,38.36212706565857
6775,0.0034136302927333445,0.08770984653251879,38.36753845214844
6776,0.003409502899656021,0.0847013550275249,38.37443137168884
6777,0.003405380716412638,0.08759913500654938,38.37956190109253
6778,0.0034012637361012,0.08459445084711799,38.38672757148743
6779,0.0033971519516579236,0.08748858071690639,38.391785621643066
6780,0.003393045356200884,0.08448769847201956,38.39712572097778
6781,0.0033889439426868315,0.08737818339557171,38.40231442451477
6782,0.0033848477042538122,0.08438109764299923,38.40734028816223
6783,0.003380756633879056,0.0872679427740149,38.41699552536011
6784,0.0033766707247205527,0.0842746481016939,38.422255992889404
6785,0.0033725899697759436,0.08715785858498282,38.427231311798096
6786,0.0033685143622230623,0.0841683495900695,38.432621240615845
6787,0.0033644438950799,0.08704793056192765,38.43772339820862
6788,0.0033603785615440797,0.0840622018502804,38.44270181655884
6789,0.0033563183546538844,0.08693815843857948,38.44952750205994
6790,0.003352263267626664,0.0839562046254568,38.4551043510437
6791,0.003348213293520901,0.08682854194926169,38.46016597747803
6792,0.0033441684255736326,0.08385035765930161,38.46548008918762
6793,0.003340128656863499,0.08671908082908267,38.47289562225342
6794,0.003336093980647128,0.08374466069593613,38.47961783409119
6795,0.00333206439002323,0.08660977481317673,38.48550319671631
6796,0.0033280398782680088,0.08363911348015032,38.49064517021179
6797,0.0033240204385001845,0.08650062363781497,38.49620795249939
6798,0.003320006064015447,0.0835337157573034,38.50131964683533
6799,0.0033159967479524577,0.08639162703948321,38.506388902664185
6800,0.003311992483626332,0.08342846727302416,38.512859582901
6801,0.0033079932641956284,0.0862827847555706,38.51861619949341
6802,0.0033039990829947926,0.08332336777347603,38.524369955062866
6803,0.0033000099332022386,0.08617409652376093,38.53049087524414
6804,0.0032960258081717185,0.08321841700597347,38.53601861000061
6805,0.0032920467011013804,0.08606556208232401,38.54274034500122
6806,0.0032880726053642175,0.08311361471747486,38.54790496826172
6807,0.003284103514178097,0.08595718117045016,38.55371308326721
6808,0.003280139420935171,0.08300896065613475,38.55877137184143
6809,0.0032761803188729377,0.08584895352712284,38.56409168243408
6810,0.0032722262014026706,0.08290445457058582,38.56930732727051
6811,0.00326827706178145,0.08574087889272623,38.579230070114136
6812,0.0032643328934395784,0.08280009620939681,38.58483648300171
6813,0.0032603936896536583,0.08563295700792686,38.59002947807312
6814,0.003256459443872986,0.08269588532254063,38.59500503540039
6815,0.003252530149393604,0.08552518761329492,38.60043001174927
6816,0.0032486057996837505,0.08259182166017096,38.607566118240356
6817,0.003244686388058868,0.08541757045097151,38.612948179244995
6818,0.0032407719080060184,0.08248790497251879,38.618555545806885
6819,0.0032368623528600043,0.08531010526301945,38.6236515045166
6820,0.0032329577161266955,0.08238413501111941,38.628737449645996
6821,0.0032290579911601366,0.08520279179192267,38.637773752212524
6822,0.0032251631714849726,0.0822805115276338,38.64291214942932
6823,0.0032212732504744426,0.08509562978141487,38.64828968048096
6824,0.003217388221671871,0.08217703427410425,38.65337371826172
6825,0.003213508078469635,0.08498861897505956,38.65896034240723
6826,0.0032096328144297047,0.0820737030034327,38.66408848762512
6827,0.003205762422963535,0.08488175911735939,38.6710786819458
6828,0.0032018968976516523,0.08197051746874688,38.677649974823
6829,0.003198036231924541,0.08477504995322326,38.68317461013794
6830,0.0031941804193812385,0.08186747742404643,38.68885922431946
6831,0.0031903294534712003,0.08466849122816959,38.69399905204773
6832,0.003186483327811889,0.08176458262358799,38.70190382003784
6833,0.003182642035871673,0.08456208268822889,38.70702385902405
6834,0.0031788055712864017,0.08166183282193837,38.712355613708496
6835,0.003174973927543282,0.08445582407988877,38.71746253967285
6836,0.00317114709829652,0.08155922777500461,38.72241234779358
6837,0.0031673250770520777,0.08434971515021204,38.727320432662964
6838,0.0031635078574824465,0.08145676723836161,38.734495401382446
6839,0.0031596954331123113,0.0842437556468099,38.739895820617676
6840,0.0031558877976323547,0.08135445096812888,38.74602460861206
6841,0.003152084944585957,0.08413794531823623,38.751142501831055
6842,0.0031482868676819507,0.08125227872175526,38.75607633590698
6843,0.0031444935604823046,0.08403228391268203,38.76482844352722
6844,0.0031407050167139615,0.08115025025633857,38.77053141593933
6845,0.0031369212299574263,0.0839267711795341,38.77551531791687
6846,0.003133142193957692,0.08104836533003974,38.782952547073364
6847,0.0031293679023137516,0.08382140686850546,38.78797698020935
6848,0.0031255983487885764,0.08094662370105823,38.79551863670349
6849,0.0031218335269995842,0.0837161907301621,38.8115611076355
6850,0.0031180734307276743,0.08084502512843929,38.817662954330444
6851,0.0031143180536086458,0.08361112251507496,38.82808876037598
6852,0.003110567389441264,0.08074356937179142,38.83410978317261
6853,0.0031068214318796285,0.0835062019747344,38.83939814567566
6854,0.003103080174740326,0.08064225619101668,38.844526529312134
6855,0.003099343611695707,0.08340142886084152,38.85020136833191
6856,0.003095611736580101,0.08054108534646921,38.860127210617065
6857,0.003091884543084074,0.0832968029259408,38.865925312042236
6858,0.0030881620250596572,0.08044005659918796,38.87152647972107
6859,0.003084444176215528,0.08319232392274827,38.87673878669739
6860,0.0030807309904213893,0.0803391697109818,38.88401985168457
6861,0.0030770224614039988,0.08308799160465889,38.89325475692749
6862,0.0030733185830506375,0.08023842444355755,38.898961305618286
6863,0.003069619349106072,0.08298380572588394,38.90438985824585
6864,0.003065924753475134,0.08013782055940301,38.910409450531006
6865,0.0030622347899205682,0.08287976604067754,38.915953636169434
6866,0.0030585494523646724,0.08003735782174468,38.92277145385742
6867,0.003054868734588088,0.0827758723042308,38.928033113479614
6868,0.003051192630530539,0.07993703599366732,38.933433532714844
6869,0.003047521133990527,0.08267212427191027,38.93852210044861
6870,0.003043854238925144,0.0798368548394241,38.9437313079834
6871,0.0030401919391506924,0.08256852169999336,38.948800802230835
6872,0.0030365342286415623,0.07973681412343687,38.955790281295776
6873,0.0030328811012318027,0.0824650643446213,38.960952281951904
6874,0.003029232550913063,0.07963691361072511,38.96697020530701
6875,0.003025588571537061,0.08236175196288038,38.972044944763184
6876,0.003021949157112679,0.07953715306694295,38.977054595947266
6877,0.003018314301509253,0.08225858431249175,38.98525595664978
6878,0.003014683998752808,0.07943753225784617,38.99073600769043
6879,0.003011058242730241,0.08215556115133443,38.99603843688965
6880,0.003007437027484675,0.07933805094976495,39.00119185447693
6881,0.0030038203469205304,0.08205268223798719,39.00619673728943
6882,0.00300020819509798,0.07923870891003244,39.01125168800354
6883,0.0029966005659389137,0.08194994733180647,39.02155780792236
6884,0.0029929974535204715,0.07913950590571257,39.02668619155884
6885,0.002989398851781954,0.08184735619199557,39.032060623168945
6886,0.0029858047548174294,0.07904044170491402,39.037296295166016
6887,0.0029822151565835455,0.08174490857873176,39.04234457015991
6888,0.002978630051191275,0.07894151607593644,39.04742217063904
6889,0.0029750494326145466,0.08164260425265789,39.054444313049316
6890,0.002971473294981175,0.07884272878792459,39.05948257446289
6891,0.002967901632282312,0.08154044297475956,39.06494903564453
6892,0.0029643344386625493,0.07874407960989721,39.07004237174988
6893,0.0029607717081302468,0.08143842450671501,39.075653076171875
6894,0.0029572134348466858,0.07864556831181622,39.08252000808716
6895,0.0029536596128373906,0.08133654861068167,39.08957576751709
6896,0.0029501102362802993,0.07854719466408516,39.09458947181702
6897,0.0029465652992180097,0.08123481504901743,39.10002684593201
6898,0.002943024795845091,0.0784489584374254,39.10519289970398
6899,0.0029394887202211567,0.08113322358495122,39.110241174697876
6900,0.0029359570665573407,0.07835085940314111,39.11733055114746
6901,0.002932429828930232,0.08103177398194679,39.12254071235657
6902,0.002928907001567488,0.07825289733319363,39.12784171104431
6903,0.0029253885785626077,0.08093046600409802,39.13337802886963
6904,0.002921874554159707,0.07815507199958077,39.13844060897827
6905,0.0029183649224691446,0.08082929941578035,39.14717102050781
6906,0.002914859677751449,0.07805738317513261,39.15304183959961
6907,0.0029113588141338074,0.08072827398218903,39.15812611579895
6908,0.0029078623258930957,0.07795983063303671,39.163591384887695
6909,0.0029043702071732615,0.08062738946879458,39.16871666908264
6910,0.0029008824522674904,0.07786241414686519,39.173755168914795
6911,0.0028973990553364257,0.08052664564157576,39.1803252696991
6912,0.0028939200106895173,0.0777651334907797,39.18816661834717
6913,0.002890445312504075,0.08042604226715805,39.193275690078735
6914,0.0028869749551057393,0.07766798843948697,39.19869303703308
6915,0.002883508932688418,0.08032557911224104,39.203757524490356
6916,0.0028800472395939226,0.07757097876803595,39.21016263961792
6917,0.0028765898700327075,0.08022525594443175,39.215760469436646
6918,0.0028731368183626677,0.07747410425168032,39.22108292579651
6919,0.0028696880788107804,0.08012507253182226,39.22628593444824
6920,0.002866243645750999,0.07737736466688894,39.231698513031006
6921,0.0028628035134267357,0.08002502864266701,39.23698425292969
6922,0.0028593676762279255,0.07728075978971233,39.24347138404846
6923,0.0028559361284144023,0.07992512404587107,39.24910378456116
6924,0.00285250886439206,0.07718428939732513,39.2543203830719
6925,0.002849085878437056,0.0798253585107534,39.25935697555542
6926,0.002845667164971196,0.0770879532669327,39.26474356651306
6927,0.002842252718286925,0.07972573180730193,39.26989674568176
6928,0.002838842532821925,0.07699175117658098,39.27648067474365
6929,0.0028354366028848594,0.07962624370580138,39.2817018032074
6930,0.0028320349229292194,0.07689568290436496,39.288822174072266
6931,0.002828637487279863,0.07952689397707947,39.29415416717529
6932,0.0028252442904060284,0.07679974822913675,39.29962491989136
6933,0.002821855326648728,0.07942768239236876,39.30610156059265
6934,0.0028184705904928955,0.07670394693012215,39.31139636039734
6935,0.0028150900762956427,0.07932860872360133,39.31704306602478
6936,0.0028117137785575465,0.07660827878693344,39.32221460342407
6937,0.002808341691651765,0.07922967274277341,39.32723331451416
6938,0.002804973810094484,0.0765127435797891,39.33260536193848
6939,0.0028016101282748477,0.07913087422264067,39.33966612815857
6940,0.002798250640724612,0.07641734108933844,39.34519052505493
6941,0.002794895341848854,0.07903221293629722,39.35071396827698
6942,0.0027915442261948354,0.07632207109658457,39.35574245452881
6943,0.002788197288183525,0.07893368865731008,39.360968351364136
6944,0.002784854522377649,0.07622693338293741,39.36607527732849
6945,0.0027815159232140183,0.07883530116007197,39.37308311462402
6946,0.0027781814852707635,0.0761319277303869,39.37864446640015
6947,0.002774851203000504,0.07873705021887323,39.38392639160156
6948,0.002771525070996717,0.07603705392115433,39.39053988456726
6949,0.002768203083727788,0.07863893560908937,39.39570355415344
6950,0.002764885235802493,0.07594231173815387,39.40267753601074
6951,0.002761571521704912,0.0785409571058764,39.4078471660614
6952,0.0027582619360591006,0.07584770096478333,39.41326093673706
6953,0.002754956473364771,0.07844311448528558,39.418567419052124
6954,0.0027516551282612245,0.07575322138484138,39.423649072647095
6955,0.0027483578952637406,0.07834540752354867,39.42883658409119
6956,0.0027450647690268086,0.07565887278243823,39.43591666221619
6957,0.002741775744081256,0.07824783599745812,39.44097328186035
6958,0.0027384908150966916,0.07556465494207083,39.44628620147705
6959,0.0027352099766194656,0.07815039968496831,39.451385259628296
6960,0.002731933223334245,0.07547056764874735,39.45641803741455
6961,0.002728660549802844,0.0780530983633644,39.46148085594177
6962,0.00272539195072495,0.07537661068797721,39.46870446205139
6963,0.0027221274206777834,0.07795593181103147,39.474037408828735
6964,0.002718866954376027,0.0752827838458643,39.47936153411865
6965,0.0027156105464122412,0.07785889980639277,39.48446989059448
6966,0.002712358191516067,0.07518908690866503,39.489482402801514
6967,0.002709109884295377,0.07776200212911662,39.49875044822693
6968,0.002705865619494687,0.07509551966312214,39.5039803981781
6969,0.002702625391737131,0.07766523855832652,39.50917291641235
6970,0.0026993891957820875,0.0750020818966125,39.51459288597107
6971,0.0026961570262678926,0.07756860887415258,39.51966309547424
6972,0.0026929288779687253,0.07490877339674663,39.52473568916321
6973,0.0026897047455381033,0.07747211285739637,39.53164839744568
6974,0.0026864846237649453,0.07481559395175215,39.53710913658142
6975,0.0026832685073178847,0.07737575028849286,39.54213833808899
6976,0.0026800563910005714,0.07472254335019814,39.5475172996521
6977,0.0026768482694966944,0.077279520949301,39.55260992050171
6978,0.0026736441376245543,0.07462962138071176,39.55767512321472
6979,0.0026704439900828744,0.07718342462127684,39.56427764892578
6980,0.0026672478217046004,0.07453682783309976,39.5699188709259
6981,0.0026640556272034205,0.07708746108705539,39.574997663497925
6982,0.002660867401426832,0.0744441624969683,39.58044195175171
6983,0.0026576831391034745,0.07699163012916875,39.5991747379303
6984,0.002654502835095369,0.07435162516262844,39.60474729537964
6985,0.002651326484146046,0.07689593153081539,39.60976481437683
6986,0.002648154081132007,0.0742592156208194,39.61550498008728
6987,0.002644985620811626,0.07680036507566838,39.62054467201233
6988,0.002641821098075852,0.07416693366273304,39.62719655036926
6989,0.0026386605076978284,0.07670493054762088,39.63368463516235
6990,0.00263550384458291,0.07407477907983617,39.63885688781738
6991,0.002632351103518998,0.07660962773129902,39.64387536048889
6992,0.0026292022794257752,0.07398275166403528,39.64952802658081
6993,0.0026260573671058637,0.07651445641164081,39.65698742866516
6994,0.002622916361493253,0.07389085120779294,39.662466526031494
6995,0.0026197792574052265,0.07641941637413077,39.668259620666504
6996,0.002616646049790009,0.07379907750372924,39.673336029052734
6997,0.0026135167334795043,0.0763245074042986,39.67885613441467
6998,0.0026103913034361726,0.07370743034548796,39.68404960632324
6999,0.002607269754506473,0.07622972928846254,39.690603733062744
7000,0.00260415208166705,0.07361590952649057,39.69594621658325
7001,0.002601038279778865,0.07613508181342991,39.70350003242493
7002,0.0025979283438326965,0.07352451484076032,39.70857238769531
7003,0.002594822268703996,0.0760405647661356,39.71419382095337
7004,0.00259172004939762,0.07343324608283643,39.72215032577515
7005,0.00258862168080344,0.07594617793410004,39.727288246154785
7006,0.002585527157940372,0.07334210304777539,39.7329638004303
7007,0.0025824364757126824,0.07585192110542878,39.738043546676636
7008,0.002579349629153267,0.07325108553058574,39.743035554885864
7009,0.0025762666131807373,0.07575779406848918,39.748477935791016
7010,0.002573187422841957,0.07316019332739691,39.7555251121521
7011,0.002570112053069834,0.07566379661199404,39.76059675216675
7012,0.00256704049892514,0.07306942623396614,39.76628232002258
7013,0.002563972755355032,0.0755699285253473,39.77131152153015
7014,0.002560908817434171,0.07297878404720617,39.77643656730652
7015,0.0025578486801239183,0.07547618959812495,39.78539228439331
7016,0.0025547923385127467,0.0728882665638003,39.79056000709534
7017,0.002551739787576209,0.0753825796205319,39.79599380493164
7018,0.0025486910224165444,0.0727978735812586,39.80278015136719
7019,0.002545646038023435,0.07528909838301848,39.80789399147034
7020,0.0025426048295128702,0.0727076048972562,39.817116022109985
7021,0.0025395673918885988,0.07519574567664908,39.822270154953
7022,0.002536533720280321,0.0726174603101787,39.827258348464966
7023,0.00253350380970583,0.07510252129259812,39.83288502693176
7024,0.002530477655308466,0.0725274396185179,39.837950229644775
7025,0.002527455252120032,0.07500942502288473,39.84291625022888
7026,0.0025244365952974803,0.07243754262147102,39.85038709640503
7027,0.0025214216798865557,0.07491645665939162,39.855533838272095
7028,0.0025184105010577877,0.07234776911826281,39.86053800582886
7029,0.0025154030538708377,0.07482361599504213,39.86620354652405
7030,0.0025123993335097686,0.07225811890880506,39.871237993240356
7031,0.002509399335048094,0.07473090282274188,39.880098819732666
7032,0.002506403053683372,0.07216859179324885,39.88597512245178
7033,0.002503410484502958,0.07463831693594307,39.891045808792114
7034,0.0025004216227178413,0.07207918757238109,39.896618127822876
7035,0.0024974364634291622,0.07454585812865819,39.90331029891968
7036,0.00249445500186131,0.07198990604700735,39.91003608703613
7037,0.002491477233129174,0.07445352619503305,39.916232109069824
7038,0.0024885031524705193,0.07190074701880107,39.92138171195984
7039,0.0024855327550139155,0.0743613209299112,39.92668652534485
7040,0.002482566036010459,0.0718117102894449,39.93282151222229
7041,0.002479602990602371,0.07426924212826204,39.937941789627075
7042,0.002476643614054034,0.07172279566110543,39.944698095321655
7043,0.0024736879015212843,0.074177289585845,39.95048999786377
7044,0.002470735848281758,0.07163400293647287,39.95561408996582
7045,0.002467787449504855,0.07408546309841516,39.96062421798706
7046,0.002464842700481416,0.07154533191891414,39.9662446975708
7047,0.0024619015963943686,0.0739937624621828,39.97364902496338
7048,0.0024589641325476995,0.07145678241119706,39.979246377944946
7049,0.0024560303041378465,0.0739021874742486,39.98499536514282
7050,0.0024531001064819263,0.07136835421767959,39.99030947685242
7051,0.0024501735347898,0.07381073793147681,39.99574327468872
7052,0.0024472505843916833,0.07128004714217301,40.0009069442749
7053,0.0024443312505108518,0.07371941363189323,40.00904393196106
7054,0.002441415528490532,0.07119186098936969,40.01487731933594
7055,0.0024385034135673807,0.07362821437293823,40.02018857002258
7056,0.002435594901097635,0.07110379556438627,40.0251727104187
7057,0.002432689986331276,0.07353713995325509,40.03071641921997
7058,0.0024297886646374982,0.0710158506725275,40.037566900253296
7059,0.00242689093127957,0.0734461901717799,40.04282808303833
7060,0.002423996781639608,0.07092802611959556,40.048468351364136
7061,0.0024211062109941077,0.07335536482724338,40.053871393203735
7062,0.0024182192147380955,0.07084032171183269,40.05889058113098
7063,0.002415335788161265,0.07326466371964631,40.064329862594604
7064,0.002412455926671466,0.0707527372554443,40.071351766586304
7065,0.002409579625571559,0.07317408664871423,40.076483964920044
7066,0.0024067068802822223,0.07066527255779612,40.08250975608826
7067,0.002403837686119442,0.07308363341514165,40.08759880065918
7068,0.0024009720385166173,0.07057792742565876,40.092610359191895
7069,0.0023981099328028448,0.07299330381955044,40.10042190551758
7070,0.0023952513644242618,0.07049070166713052,40.10729002952576
7071,0.0023923963287229896,0.07290309766320831,40.112932205200195
7072,0.0023895448211578687,0.0704035950903092,40.11817407608032
7073,0.002386696837084,0.07281301474714172,40.12319040298462
7074,0.0023838523719728966,0.07031660750368607,40.1284294128418
7075,0.0023810114211926165,0.07272305487399984,40.135340213775635
7076,0.0023781739802272734,0.07022973871582093,40.14031457901001
7077,0.0023753400444578594,0.07263321784579675,40.14578199386597
7078,0.0023725096093810613,0.07014298853619025,40.15095829963684
7079,0.002369682670390748,0.0725435034655078,40.15593099594116
7080,0.002366859222996153,0.07005635677439566,40.16390562057495
7081,0.002364039262603981,0.07245391153612496,40.169522523880005
7082,0.0023612227847359508,0.0699698432402696,40.17455339431763
7083,0.0023584097848116,0.07236444186143086,40.180246114730835
7084,0.0023556002583650804,0.06988344774392849,40.18538737297058
7085,0.0023527942008286923,0.07227509424495858,40.19040870666504
7086,0.0023499916077490265,0.06979717009659932,40.19770956039429
7087,0.002347192474571119,0.07218586849146022,40.20307636260986
7088,0.0023443967968539304,0.0697110101091985,40.20956301689148
7089,0.002341604570055186,0.07209676440549775,40.215346574783325
7090,0.0023388157897461857,0.06962496759313098,40.22046160697937
7091,0.0023360304513973134,0.07200778179216119,40.22692322731018
7092,0.0023332485505921756,0.06953904236015868,40.23299431800842
7093,0.002330470082813757,0.07191892045695408,40.2381796836853
7094,0.002327695043657942,0.06945323422266882,40.2432005405426
7095,0.002324923428620291,0.07183018020563153,40.248902320861816
7096,0.002322155233308933,0.0693675429933824,40.253947019577026
7097,0.0023193904532319556,0.07174156084461863,40.260786294937134
7098,0.0023166290840096783,0.0692819684852519,40.26659560203552
7099,0.002313871121162685,0.07165306218030203,40.271722078323364
7100,0.0023111165603234506,0.06919651051151753,40.27681255340576
7101,0.0023083653970250337,0.07156468401986305,40.28252100944519
7102,0.00230561762691202,0.0691111688858585,40.28994369506836
7103,0.002302873245529896,0.07147642617088018,40.29552912712097
7104,0.0023001322485353276,0.06902594342233971,40.30128479003906
7105,0.0022973946314861814,0.07138828844093956,40.306429386138916
7106,0.002294660390051189,0.06894083393564863,40.313637018203735
7107,0.002291929519800545,0.07130027063812416,40.31991958618164
7108,0.0022892020164149932,0.06885584024023839,40.32530450820923
7109,0.0022864778754770544,0.07121237257125129,40.331146240234375
7110,0.0022837570926794314,0.06877096215151017,40.336479902267456
7111,0.002281039663616915,0.07112459404889131,40.34148406982422
7112,0.0022783255839941706,0.06868619948521369,40.34711837768555
7113,0.0022756148494182064,0.07103693488054358,40.35391592979431
7114,0.002272907455605585,0.06860155205689326,40.35921835899353
7115,0.002270203398175531,0.07094939487602801,40.36488342285156
7116,0.002267502672856461,0.06851701968286357,40.369961738586426
7117,0.0022648052752797555,0.0708619738451671,40.374964237213135
7118,0.0022621112011856725,0.06843260218003812,40.38042140007019
7119,0.002259420446217716,0.07077467159849395,40.3874933719635
7120,0.00225673300612793,0.06834829936499288,40.39254665374756
7121,0.002254048876571913,0.0706874879467979,40.3982937335968
7122,0.0022513680533134844,0.06826411105561286,40.403337478637695
7123,0.0022486905320202623,0.07060042270099703,40.408329248428345
7124,0.0022460163084678025,0.0681800370691977,40.41655206680298
7125,0.0022433453783357515,0.07051347567290575,40.42202711105347
7126,0.002240677737411336,0.06809607722394673,40.4274799823761
7127,0.0022380133813861905,0.0704266466745198,40.432750940322876
7128,0.0022353523060591935,0.06801223133850268,40.43779110908508
7129,0.002232694507133921,0.07033993551788494,40.44282054901123
7130,0.002230039980420863,0.06792849923131948,40.45031690597534
7131,0.0022273887216355025,0.07025334201567154,40.455395221710205
7132,0.0022247407265999215,0.06784488072171274,40.460864543914795
7133,0.00222209599104147,0.07016686598093116,40.466105222702026
7134,0.002219454510793779,0.06776137562928215,40.47113251686096
7135,0.0022168162815960277,0.07008050722705404,40.47617316246033
7136,0.002214181299293357,0.06767798377359026,40.48386740684509
7137,0.0022115495596367503,0.06999426556783807,40.48899269104004
7138,0.0022089210584828275,0.0675947049750942,40.49419832229614
7139,0.0022062957915943452,0.06990814081753209,40.49947929382324
7140,0.0022036737548393423,0.0675115390540962,40.50448179244995
7141,0.002201054943992321,0.06982213279055074,40.51110076904297
7142,0.0021984393549327377,0.06742848583180798,40.51870942115784
7143,0.002195826983446763,0.06973624130151321,40.523855447769165
7144,0.0021932178254252394,0.0673455451293395,40.529473304748535
7145,0.0021906118766659966,0.06965046616564977,40.53489327430725
7146,0.0021880091330712167,0.06726271676840284,40.54117250442505
7147,0.0021854095904503467,0.06956480719866104,40.54720163345337
7148,0.0021828132447168787,0.06718000057085494,40.55259656906128
7149,0.002180220091691846,0.06947926421652986,40.557639360427856
7150,0.0021776301273000198,0.06709739635899553,40.563207387924194
7151,0.0021750433473739796,0.06939383703546544,40.568339586257935
7152,0.0021724597478497303,0.06701490395541113,40.574732303619385
7153,0.00216987932457137,0.06930852547216564,40.58110451698303
7154,0.0021673020734861072,0.06693252318317616,40.586405515670776
7155,0.002164727990449545,0.06922332934376807,40.59144067764282
7156,0.0021621570714200357,0.06685025386562919,40.597028732299805
7157,0.0021595893122646277,0.06913824846725028,40.6021842956543
7158,0.0021570247089528344,0.06676809582664302,40.608598709106445
7159,0.002154463257363114,0.06905328266066305,40.614577531814575
7160,0.0021519049534760703,0.066686048889984,40.62132501602173
7161,0.0021493497931815465,0.06896843174196145,40.6264853477478
7162,0.0021467977724712144,0.0666041128800733,40.63217544555664
7163,0.0021442488872462544,0.0688836955293783,40.63981366157532
7164,0.0021417031335093915,0.06652228762190789,40.645331144332886
7165,0.0021391605071731205,0.06879907384196221,40.65115451812744
7166,0.00213662100425116,0.06644057294037266,40.65626382827759
7167,0.002134084620667285,0.0687145664986316,40.66174864768982
7168,0.0021315513524461814,0.06635896866077143,40.666943073272705
7169,0.0021290211955228666,0.06863017331901239,40.67394995689392
7170,0.0021264941459329806,0.06627747460908553,40.67963123321533
7171,0.002123970199622722,0.0685458941228227,40.684778928756714
7172,0.0021214493526386597,0.06619609061119655,40.68983602523804
7173,0.0021189316009381665,0.06846172873055503,40.69518780708313
7174,0.002116416940578668,0.0661148164933975,40.70208668708801
7175,0.002113905367528695,0.06837767696254028,40.707462549209595
7176,0.0021113968778565103,0.06603365208272252,40.71304965019226
7177,0.002108891467541755,0.06829373863975705,40.718228816986084
7178,0.002106389132663493,0.06595259720613778,40.724843978881836
7179,0.0021038898692124497,0.06820991358327183,40.73150300979614
7180,0.002101393673278459,0.06587165169108435,40.73730969429016
7181,0.0020989005408632755,0.06812620161450728,40.7423894405365
7182,0.002096410468067498,0.0657908153654859,40.74810194969177
7183,0.0020939234509038864,0.06804260255590007,40.75317978858948
7184,0.0020914394854837422,0.06571008805717207,40.758219957351685
7185,0.002088958567830803,0.06795911622916195,40.76648998260498
7186,0.0020864806940670442,0.06562946959469453,40.77170729637146
7187,0.002084005860227174,0.06787574245744159,40.777281761169434
7188,0.002081534062443791,0.06554895980686014,40.782686710357666
7189,0.0020790652967625106,0.06779248106330343,40.78772783279419
7190,0.002076599559326562,0.0654685585227268,40.79275417327881
7191,0.002074136846192432,0.06770933187022705,40.80024027824402
7192,0.002071677153513924,0.06538826557145147,40.80547475814819
7193,0.0020692204773583747,0.06762629470196943,40.81100916862488
7194,0.002066766813890158,0.06530808078321754,40.816190242767334
7195,0.002064316159187408,0.06754336938235121,40.8212628364563
7196,0.002061868509425016,0.06522800398786686,40.82995009422302
7197,0.002059423860691905,0.0674605557356915,40.83561038970947
7198,0.0020569822091734483,0.06514803501585367,40.84069108963013
7199,0.0020545435509693164,0.06737785358652146,40.846346378326416
7200,0.0020521078822753496,0.06506817369806314,40.85255193710327
7201,0.002049675199201932,0.06729526276010345,40.86051034927368
7202,0.002047245497955324,0.0649884198653674,40.866459608078
7203,0.0020448187746565974,0.0672127830815416,40.87161564826965
7204,0.00204239502552242,0.06490877334944879,40.877113819122314
7205,0.002039974246684512,0.06713041437686035,40.88243889808655
7206,0.002037556434369883,0.06482923398143631,40.8874626159668
7207,0.002035141584720882,0.06704815647162253,40.89427471160889
7208,0.0020327296939748694,0.06474980159411287,40.90014910697937
7209,0.002030320758284776,0.06696600919249064,40.905242681503296
7210,0.0020279147738982597,0.06467047601920255,40.91077399253845
7211,0.0020255117369788115,0.0668839723660077,40.91600561141968
7212,0.0020231116437843706,0.06459125708996263,40.92239475250244
7213,0.002020714490488941,0.06680204581917985,40.92973327636719
7214,0.0020183202733606957,0.0645121446389382,40.93543291091919
7215,0.0020159289885841513,0.06672022937961629,40.94043254852295
7216,0.0020135406324376867,0.06443313849948176,40.94601655006409
7217,0.002011155201116283,0.06663852287485272,40.95121192932129
7218,0.0020087726909084913,0.06435423850540849,40.95761036872864
7219,0.002006393098019735,0.06655692613286082,40.96329665184021
7220,0.002004016418748711,0.06427544449067961,40.96871566772461
7221,0.0020016426493112355,0.06647543898191646,40.97379493713379
7222,0.0019992717860161466,0.06419675628971755,40.979332447052
7223,0.0019969038250896116,0.0663940612505088,40.987422943115234
7224,0.0019945387628505585,0.06411817373708682,40.99257254600525
7225,0.001992176595535513,0.06631279276803145,40.9983012676239
7226,0.0019898173194734426,0.06403969666742952,41.003353118896484
7227,0.0019874609309111914,0.06623163336373965,41.00833559036255
7228,0.001985107426187755,0.06396132491622468,41.0137734413147
7229,0.001982756801560258,0.06615058286717623,41.020827293395996
7230,0.0019804090533776793,0.06388305831887317,41.02797889709473
7231,0.0019780641779074057,0.06606964110849406,41.03317356109619
7232,0.0019757221715084017,0.06380489671154467,41.038222551345825
7233,0.001973383030458256,0.06598880791787098,41.04352951049805
7234,0.0019710467511258683,0.06372683993014228,41.051411151885986
7235,0.0019687133297990106,0.06590808312589054,41.05660843849182
7236,0.001966382762856509,0.06364888781132132,41.062111616134644
7237,0.001964055046596274,0.06582746656338287,41.067256689071655
7238,0.001961730177407031,0.06357104019193373,41.072264194488525
7239,0.001959408151596823,0.06574695806199878,41.07752323150635
7240,0.0019570889655642024,0.06349329690882789,41.08480095863342
7241,0.001954772615627311,0.06566655745313053,41.08993864059448
7242,0.001952459098194545,0.06341565779976992,41.0954155921936
7243,0.0019501484095941126,0.0655862645687319,41.10057091712952
7244,0.001947840546244185,0.06333812270238344,41.1056170463562
7245,0.0019455355044830135,0.06550607924106999,41.11354303359985
7246,0.001943233280738529,0.06326069145475895,41.11892032623291
7247,0.0019409338713590077,0.0654260013027404,41.124021768569946
7248,0.0019386372727821174,0.06318336389525145,41.13101601600647
7249,0.0019363434813660782,0.06534603058636822,41.158348083496094
7250,0.0019340524935582846,0.06310613986241187,41.16452932357788
7251,0.0019317643057269159,0.06526616692548538,41.169766664505005
7252,0.001929478914329038,0.06302901919549052,41.176177978515625
7253,0.00192719631574275,0.06518641015360196,41.18256139755249
7254,0.00192491650643475,0.06295200173341796,41.18769550323486
7255,0.0019226394827930409,0.06510676010448554,41.19274878501892
7256,0.0019203652412939408,0.06287508731596428,41.19839072227478
7257,0.0019180937783353168,0.0650272166125031,41.203412771224976
7258,0.0019158250904030756,0.06279827578306216,41.21021366119385
7259,0.0019135591739049026,0.06494777951160079,41.216033935546875
7260,0.0019112960253362744,0.06272156697492919,41.22118163108826
7261,0.0019090356411146899,0.0648684486370263,41.2267324924469
7262,0.0019067780177451739,0.06264496073228575,41.23341989517212
7263,0.0019045231516549655,0.06478922382359446,41.23981761932373
7264,0.001902271039358608,0.06256845689570013,41.24542784690857
7265,0.0019000216772930814,0.06471010490664235,41.25129842758179
7266,0.0018977750619824166,0.06249205530643423,41.25630974769592
7267,0.0018955311898733109,0.06463109172224878,41.26184630393982
7268,0.0018932900574992377,0.062415755805776726,41.26700019836426
7269,0.0018910516613165776,0.06455218410628981,41.27354073524475
7270,0.0018888159978682406,0.06233955823547505,41.27895140647888
7271,0.0018865830636202604,0.0644733818951748,41.28487038612366
7272,0.0018843528551249224,0.06226346243737245,41.28993368148804
7273,0.0018821253688579122,0.06439468492559393,41.295456647872925
7274,0.0018799006013808872,0.062187468254163096,41.30331563949585
7275,0.001877678549179128,0.06431609303445904,41.308658599853516
7276,0.001875459208823617,0.062111575528203705,41.3143196105957
7277,0.0018732425768092271,0.06423760605922291,41.31937909126282
7278,0.0018710286497162503,0.06203578410245485,41.32441806793213
7279,0.0018688174240490904,0.06415922383727957,41.32996702194214
7280,0.001866608896397325,0.061960093820149144,41.338189363479614
7281,0.0018644030632748749,0.06408094620640713,41.34355902671814
7282,0.0018621999212806003,0.061884504525030776,41.34954023361206
7283,0.0018599994669378937,0.06400277300511226,41.35471057891846
7284,0.0018578016968548267,0.06180901606040288,41.360151052474976
7285,0.0018556066075642668,0.06392470407181727,41.3681914806366
7286,0.0018534141956835061,0.061733628270833944,41.373401403427124
7287,0.0018512244577548282,0.06384673924525121,41.378926038742065
7288,0.0018490373904046901,0.06165834100047405,41.384161949157715
7289,0.0018468529901847974,0.06376887836477942,41.38917922973633
7290,0.0018446712537307493,0.06158315409409635,41.394476652145386
7291,0.0018424921776036235,0.06369112126935357,41.40164756774902
7292,0.0018403157584481488,0.06150806739678187,41.406718730926514
7293,0.001838141992834754,0.06361346779906367,41.41222858428955
7294,0.0018359708774172646,0.061433080753837056,41.41736674308777
7295,0.0018338024087754224,0.06353591779385326,41.422481536865234
7296,0.001831636583572116,0.06135819401055807,41.4289391040802
7297,0.0018294733983963997,0.06345847109429015,41.43631839752197
7298,0.0018273128499201993,0.061283407012979095,41.44145941734314
7299,0.001825154934741813,0.06338112754068105,41.44712042808533
7300,0.001822999649542206,0.06120871960732389,41.45214557647705
7301,0.0018208469909289174,0.06330388697400988,41.45714545249939
7302,0.0018186969555918843,0.06113413163994271,41.46451711654663
7303,0.0018165495401478683,0.06322674923574716,41.46971368789673
7304,0.0018144047412957704,0.06105964295757889,41.474721908569336
7305,0.001812262555661537,0.06314971416720043,41.48030972480774
7306,0.0018101229799530074,0.060985253407441015,41.48542261123657
7307,0.0018079860108052787,0.06307278161028441,41.49046444892883
7308,0.001805851644935092,0.06091096283649218,41.49763822555542
7309,0.0018037198789866936,0.06299595140703285,41.50285458564758
7310,0.001801590709685698,0.06083677109255371,41.507871866226196
7311,0.0017994641336854622,0.06291922340012156,41.51346778869629
7312,0.0017973401477204597,0.06076267802350053,41.51853060722351
7313,0.0017952187484531151,0.06284259743206104,41.523545265197754
7314,0.001793099932626746,0.060688683477450656,41.53076171875
7315,0.0017909836969128257,0.06276607334606121,41.5374972820282
7316,0.0017888700380634674,0.06061478730292943,41.54306888580322
7317,0.00178675895275917,0.06268965098514205,41.54824137687683
7318,0.0017846504377608378,0.06054098934856475,41.55333852767944
7319,0.0017825444897579608,0.06261333019323768,41.56034064292908
7320,0.0017804411055202085,0.06046728946369735,41.566418170928955
7321,0.0017783402817460195,0.06253711081385706,41.57156181335449
7322,0.001776242015213798,0.0603936874972003,41.57701635360718
7323,0.0017741463026309523,0.06246099269167807,41.582366943359375
7324,0.001772053140784575,0.06032018329906066,41.587624311447144
7325,0.0017699625263909726,0.062384975670557674,41.59439730644226
7326,0.0017678744562459343,0.06024677671889142,41.60022521018982
7327,0.001765788927074677,0.06230905959610925,41.60535192489624
7328,0.0017637059356816166,0.060173467606777345,41.61081647872925
7329,0.0017616254788008435,0.06223324431294646,41.61601376533508
7330,0.0017595475532454026,0.0601002558134389,41.622581243515015
7331,0.0017574721557582175,0.06215752966628761,41.62835121154785
7332,0.0017553992831609408,0.06002714118941219,41.63422703742981
7333,0.0017533289322053144,0.06208191550212039,41.64080452919006
7334,0.0017512610997215746,0.05995412358580646,41.64650821685791
7335,0.0017491957824702273,0.06200640166585042,41.65515065193176
7336,0.0017471329772900746,0.059881202853972665,41.66066288948059
7337,0.0017450726809503988,0.06193098800425969,41.66649413108826
7338,0.0017430148902985068,0.059808378845116646,41.6715772151947
7339,0.0017409596021124225,0.06185567436363965,41.677022218704224
7340,0.0017389068132479717,0.05973565141148903,41.682249307632446
7341,0.001736856520491884,0.061780460590834634,41.689404010772705
7342,0.0017348087207084452,0.05966302040479756,41.69499707221985
7343,0.0017327634106930798,0.06170534653295778,41.70017051696777
7344,0.0017307205873185348,0.05959048567763071,41.70515203475952
7345,0.0017286802473888937,0.06163033203748019,41.71048069000244
7346,0.0017266423877853282,0.05951804708274663,41.71807599067688
7347,0.0017246070053205478,0.06155541695162836,41.72344994544983
7348,0.0017225740968841374,0.05944570447290476,41.729145526885986
7349,0.001720543659297431,0.06148060112406271,41.734328508377075
7350,0.0017185156894583714,0.05937345770137786,41.73933553695679
7351,0.001716490184196863,0.06140588440209743,41.74638032913208
7352,0.0017144671404192284,0.059301306621625416,41.75339674949646
7353,0.0017124465549639488,0.061331266635191665,41.75848579406738
7354,0.0017104284247456436,0.05922925108731517,41.764116048812866
7355,0.0017084127466113384,0.0612567476716892,41.769147872924805
7356,0.0017063995174839625,0.05915729095262096,41.77419662475586
7357,0.001704388734219038,0.06118232736040018,41.78213953971863
7358,0.0017023803937477962,0.059085426071930514,41.787580728530884
7359,0.0017003744929342428,0.061108005551234856,41.793057918548584
7360,0.001698371028717855,0.059013656299491755,41.79830741882324
7361,0.0016963699979711028,0.06103378209352629,41.80337738990784
7362,0.001694371397641694,0.058941981490310755,41.8084077835083
7363,0.0016923752246105327,0.06095965683705978,41.81628227233887
7364,0.0016903814758335513,0.05887040149984071,41.82147455215454
7365,0.0016883901482000604,0.06088562963207144,41.827000856399536
7366,0.0016864012386741557,0.05879891618277511,41.832268953323364
7367,0.0016844147441535525,0.060811700329497,41.83732223510742
7368,0.0016824306616105224,0.05872752539532117,41.84540605545044
7369,0.0016804489879511198,0.060737868779300125,41.85136151313782
7370,0.0016784697201557527,0.05865622899328695,41.85643792152405
7371,0.0016764928551388331,0.060664134833159196,41.86199736595154
7372,0.001674518389888874,0.058585026832621526,41.87021350860596
7373,0.0016725463213286078,0.06059049834242419,41.877625465393066
7374,0.0016705766464546216,0.05851391876982068,41.88365650177002
7375,0.0016686093621979346,0.06051695915809477,41.888819217681885
7376,0.0016666444655632242,0.05844290466185322,41.894375801086426
7377,0.0016646819534897645,0.060443517132453946,41.89950108528137
7378,0.0016627218229902762,0.058371984365531294,41.90451622009277
7379,0.0016607640710122715,0.060370172117379176,41.91117596626282
7380,0.0016588086945764939,0.058301157738213344,41.91707181930542
7381,0.0016568556906386752,0.060296923965327195,41.92218518257141
7382,0.001654905056227555,0.05823042463739866,41.92770981788635
7383,0.001652956788307062,0.0602237725291153,41.932854890823364
7384,0.0016510108839139037,0.058159784920808665,41.93788814544678
7385,0.0016490673400201823,0.06015071766161839,41.94478940963745
7386,0.0016471261536705516,0.058089238446370595,41.95240068435669
7387,0.0016451873218452583,0.060077759216078705,41.95745015144348
7388,0.0016432508415968913,0.05801878507245812,41.96316361427307
7389,0.0016413167099138203,0.06000489704603021,41.968247413635254
7390,0.0016393849238565267,0.05794842465759936,41.97498941421509
7391,0.001637455480421484,0.059932131005081705,41.98112463951111
7392,0.0016355283766770598,0.05787815706056431,41.98645520210266
7393,0.0016336036096278068,0.05985946094761044,41.99156165122986
7394,0.0016316811763499488,0.057807982140735535,41.99722337722778
7395,0.0016297610738560872,0.059786886727570446,42.00231146812439
7396,0.001627843299230285,0.057737899757178086,42.00904154777527
7397,0.0016259278494931612,0.059714408199442126,42.01493048667908
7398,0.0016240147217365978,0.05766790976971457,42.02009391784668
7399,0.0016221039129892347,0.059642025218398606,42.02518558502197
7400,0.0016201954203507209,0.05759801203789068,42.03089213371277
7401,0.001618289240857684,0.05956973763939475,42.03731989860535
7402,0.0016163853716175596,0.05752820642215154,42.042933225631714
7403,0.0016144838096749069,0.0594975453176834,42.05031228065491
7404,0.001612584552144924,0.05745849278276858,42.05552959442139
7405,0.0016106875960801188,0.05942544810915959,42.061097383499146
7406,0.0016087929386033783,0.057388870980223244,42.066346406936646
7407,0.0016069005767751381,0.059353445869508345,42.07302522659302
7408,0.001605010507725994,0.057319340875536626,42.07845902442932
7409,0.001603122728524273,0.059281538455133405,42.084351778030396
7410,0.001601237236308254,0.05724990233005813,42.089560985565186
7411,0.001599354028154114,0.059209725722273135,42.09510111808777
7412,0.0015974731012077786,0.05718055520465327,42.10218167304993
7413,0.0015955944525532912,0.059138007527706295,42.107524156570435
7414,0.0015937180793442142,0.05711129936149375,42.11318111419678
7415,0.0015918439786723963,0.059066383728277196,42.11826777458191
7416,0.0015899721476990286,0.0570421346625278,42.123249769210815
7417,0.001588102583523756,0.058994854181289844,42.12863779067993
7418,0.0015862352833153433,0.05697306096961679,42.135809659957886
7419,0.0015843702441812135,0.05892341874405511,42.14090347290039
7420,0.0015825074632977172,0.05690407814527147,42.146570682525635
7421,0.0015806469377800218,0.058852077274623445,42.15317130088806
7422,0.0015787886648120282,0.05683518605228048,42.15826869010925
7423,0.0015769326415166435,0.058780829630859496,42.16647028923035
7424,0.0015750788650852657,0.05676638455324225,42.171629428863525
7425,0.0015732273326485224,0.0587096756711678,42.17707848548889
7426,0.0015713780414053295,0.05669767351169346,42.1823046207428
7427,0.0015695309884939997,0.05863861525389254,42.18742370605469
7428,0.0015676861711209089,0.05662905279075774,42.19274091720581
7429,0.0015658435864320498,0.05856764823804397,42.20039916038513
7430,0.0015640032316412643,0.05656052225431817,42.205618381500244
7431,0.001562165103902174,0.058496774482534895,42.21117949485779
7432,0.001560329200436065,0.05649208176626273,42.21637010574341
7433,0.001558495518404175,0.05842599384655794,42.22139024734497
7434,0.0015566640550352135,0.056423731190780285,42.22940135002136
7435,0.0015548348074980152,0.05835530618975624,42.234856605529785
7436,0.0015530077730286824,0.056355470392306414,42.23990345001221
7437,0.0015511829488036306,0.05828471137209365,42.24578237533569
7438,0.0015493603320663309,0.05628729923525246,42.25242018699646
7439,0.0015475399200007545,0.058214209253604245,42.258816957473755
7440,0.001545721709857729,0.05621921758480111,42.264787435531616
7441,0.00154390569882875,0.058143799694501085,42.27163243293762
7442,0.0015420918841719908,0.056151225306254965,42.27826499938965
7443,0.0015402802630864554,0.05807348255527181,42.28357815742493
7444,0.001538470832837613,0.05608332226480912,42.288702964782715
7445,0.0015366635906319756,0.05800325769708412,42.29597020149231
7446,0.0015348585337422844,0.056015508326033296,42.30130124092102
7447,0.0015330556593825281,0.05793312498078507,42.30642294883728
7448,0.0015312549648327214,0.055947783355981565,42.311933755874634
7449,0.001529456447314296,0.05786308426793787,42.317198753356934
7450,0.0015276601041145123,0.05588014722063108,42.32282471656799
7451,0.0015258659324622196,0.05779313541981424,42.32871389389038
7452,0.001524073929651924,0.05581259978689181,42.334245681762695
7453,0.0015222840929198706,0.05772327829844133,42.33925938606262
7454,0.0015204964195677615,0.05574514092074007,42.344828367233276
7455,0.0015187109068392352,0.05765351276604676,42.35010743141174
7456,0.0015169275520431672,0.055677770489333075,42.35759615898132
7457,0.0015151463524305743,0.05758383868491851,42.36499786376953
7458,0.0015133673053174847,0.05561048835974988,42.37023568153381
7459,0.0015115904079622546,0.05751425591767957,42.3755156993866
7460,0.001509815657688067,0.055543294399435894,42.38117265701294
7461,0.0015080430517605793,0.057444764326801526,42.38807392120361
7462,0.0015062725875101142,0.055476188476079144,42.3934166431427
7463,0.0015045042622096317,0.057375363776064635,42.399409532547
7464,0.0015027380731965463,0.05540917045739258,42.40455985069275
7465,0.0015009740177510916,0.05730605412823718,42.40980362892151
7466,0.0014992120932177649,0.05534224021136283,42.41534614562988
7467,0.0014974522968840627,0.05723683524735712,42.421019077301025
7468,0.0014956946261015464,0.05527539760640122,42.426276206970215
7469,0.0014939390781649412,0.057167706997035446,42.432265758514404
7470,0.0014921856504328476,0.055208642511038984,42.43741416931152
7471,0.0014904343402072097,0.05709866924136545,42.44266986846924
7472,0.0014886851448536625,0.05514197479427084,42.448225259780884
7473,0.0014869380616813342,0.05702972184481827,42.45423984527588
7474,0.0014851930880628466,0.05507539432477535,42.461463928222656
7475,0.00148345022131451,0.05696086467185992,42.46680569648743
7476,0.0014817094588159426,0.055008900972193346,42.47189521789551
7477,0.0014799707978905962,0.056892097587369524,42.477110385894775
7478,0.0014782342359250435,0.05494249460577197,42.48496890068054
7479,0.0014764997702498782,0.05682342045650541,42.49030423164368
7480,0.0014747673982586228,0.05487617509562931,42.49782204627991
7481,0.0014730371172889706,0.056754833144471474,42.50296473503113
7482,0.0014713089247413622,0.0548099423112599,42.5080201625824
7483,0.0014695828179605826,0.05668633551688794,42.51565623283386
7484,0.0014678587943539841,0.054743796123257055,42.520899057388306
7485,0.0014661368512734255,0.056617927439706596,42.52617621421814
7486,0.0014644169861331184,0.054677736401678466,42.53175711631775
7487,0.0014626991962919918,0.05654960877896121,42.53687262535095
7488,0.001460983479171121,0.05461176301753684,42.542038440704346
7489,0.0014592698321364568,0.056481379400732265,42.54912734031677
7490,0.0014575582526159176,0.054545875841794905,42.55441880226135
7491,0.0014558487379824731,0.05641323917159784,42.56145429611206
7492,0.0014541412856708632,0.054480074745611944,42.566734313964844
7493,0.0014524358930610335,0.05634518795831765,42.571776390075684
7494,0.0014507325575945414,0.05441435960013058,42.577401638031006
7495,0.0014490312766582962,0.05627722562806082,42.58341932296753
7496,0.0014473320477006407,0.05434873027721209,42.5887610912323
7497,0.0014456348681154494,0.05620935204812926,42.594369411468506
7498,0.0014439397353578178,0.05428318664857882,42.60148215293884
7499,0.0014422466468285357,0.056141567085713606,42.606674909591675
7500,0.0014405555999894692,0.05421772858649249,42.61548566818237
7501,0.0014388665922483168,0.05607387060896154,42.620612382888794
7502,0.0014371796210736506,0.05415235596296241,42.625884771347046
7503,0.001435494683880079,0.056006262485682856,42.63150405883789
7504,0.0014338117781428656,0.05408706865056241,42.636558055877686
7505,0.0014321309012835042,0.05593874258421795,42.64374041557312
7506,0.0014304520507839457,0.05402186652226723,42.6496365070343
7507,0.0014287752240725242,0.05587131077275778,42.65466284751892
7508,0.0014271004186378674,0.05395674945108403,42.66169309616089
7509,0.0014254276319151469,0.055803966920231804,42.66682767868042
7510,0.0014237568613996296,0.053891717309993606,42.674134969711304
7511,0.0014220881045332958,0.05573671089538131,42.68030595779419
7512,0.0014204213588180595,0.053826769972807366,42.68552899360657
7513,0.001418756621702687,0.055669542567390026,42.690678358078
7514,0.0014170938906956998,0.053761907313034006,42.69624924659729
7515,0.0014154331632526404,0.055602461805765876,42.701303005218506
7516,0.0014137744368886273,0.05369712920462543,42.70778965950012
7517,0.0014121177090659486,0.05553546847989603,42.71382784843445
7518,0.0014104629773063122,0.05363243552180178,42.71904444694519
7519,0.0014088102390787326,0.05546856246001803,42.72406315803528
7520,0.001407159491911463,0.05356782613863317,42.72965478897095
7521,0.001405510733280254,0.05540174361613852,42.73697853088379
7522,0.0014038639607198778,0.05350330092984673,42.74253988265991
7523,0.0014022191717127867,0.055335011818523176,42.748358964920044
7524,0.0014005763638002841,0.053438859770650354,42.753488063812256
7525,0.0013989355344714888,0.05526836693744248,42.75892782211304
7526,0.0013972966812742,0.05337450253562321,42.76654243469238
7527,0.0013956598017041983,0.05520180884408138,42.77252268791199
7528,0.0013940248933157688,0.053310229100233336,42.7780818939209
7529,0.0013923919536113286,0.05513533740922068,42.783226013183594
7530,0.0013907609801516213,0.05324603933992361,42.788264751434326
7531,0.0013891319704456922,0.05506895250446826,42.79366707801819
7532,0.0013875049220607291,0.05318193313034854,42.80116009712219
7533,0.001385879832512379,0.0550026540011211,42.825658559799194
7534,0.0013842566993742514,0.05311791034733066,42.834129095077515
7535,0.001382635520168577,0.05493644177099881,42.8408362865448
7536,0.0013810162924753691,0.05305397086731976,42.84759974479675
7537,0.0013793990138234336,0.05487031568581814,42.85288119316101
7538,0.0013777836817991701,0.052990114566553115,42.858139991760254
7539,0.001376170293937926,0.054804275617884944,42.869587659835815
7540,0.0013745588478324775,0.0529263413217362,42.875126123428345
7541,0.0013729493410246881,0.054738321439529725,42.88043570518494
7542,0.0013713417711136975,0.0528626510095402,42.88568568229675
7543,0.0013697361356478813,0.05467245302361283,42.89455318450928
7544,0.0013681324322327108,0.05279904350721142,42.90057945251465
7545,0.001366530658423046,0.054606670242744265,42.905802726745605
7546,0.0013649308118306761,0.05273551869171747,42.911357164382935
7547,0.0013633328900169404,0.054540972970208886,42.91673994064331
7548,0.0013617368905999268,0.052672076440883606,42.921958923339844
7549,0.0013601428111474163,0.05447536107908851,42.93199062347412
7550,0.0013585506492837943,0.0526087166322478,42.93732571601868
7551,0.0013569604025832627,0.05440983444302971,42.94288444519043
7552,0.0013553720686764754,0.05254543914378595,42.94818091392517
7553,0.001353785645144061,0.05434439293593882,42.953396797180176
7554,0.0013522011296229017,0.05248224385335663,42.96319246292114
7555,0.0013506185197000396,0.05427903643201604,42.970128297805786
7556,0.0013490378130185691,0.052419130639378725,42.97573518753052
7557,0.001347459007171925,0.05421376480505797,42.98104381561279
7558,0.00134588209980941,0.052356099380680914,42.989691495895386
7559,0.0013443070885308206,0.05414857792978398,42.99565052986145
7560,0.0013427339709916539,0.05229314995580311,43.00101900100708
7561,0.0013411627447980406,0.05408347568059463,43.0062530040741
7562,0.0013395934076116736,0.05223028224414935,43.01177263259888
7563,0.001338025957044991,0.054018457932371436,43.01693606376648
7564,0.00133646039076585,0.0521674961245218,43.02617144584656
7565,0.0013348967063930006,0.053953524560496804,43.03202533721924
7566,0.0013333349016004324,0.05210479147656895,43.03722953796387
7567,0.0013317749740131906,0.053888675440134405,43.042768478393555
7568,0.001330216921311393,0.052042168179981654,43.04803466796875
7569,0.0013286607411263534,0.0538239104467743,43.05700397491455
7570,0.0013271064311442867,0.05197962611430562,43.06289982795715
7571,0.0013255539890027705,0.05375922945653228,43.069865226745605
7572,0.0013240034123941117,0.051917165159896764,43.07547187805176
7573,0.0013224546989621152,0.05369463234517052,43.08076453208923
7574,0.001320907846405156,0.051854785196716165,43.090057134628296
7575,0.001319362852373271,0.05363011898908084,43.096065044403076
7576,0.0013178197145708862,0.05179248610566413,43.10135221481323
7577,0.0013162784306542364,0.05356568926447474,43.10651779174805
7578,0.0013147389983337856,0.051730267767134464,43.112220764160156
7579,0.001313201415271957,0.05350134304815253,43.12137198448181
7580,0.001311665679185227,0.05166813006235971,43.126731872558594
7581,0.0013101317877421902,0.05343708021681362,43.13263773918152
7582,0.0013085997386653257,0.051606072872314154,43.137810945510864
7583,0.0013070695296293739,0.05337290064765697,43.14344763755798
7584,0.001305541158362799,0.05154409607824516,43.15303897857666
7585,0.0013040146225464793,0.05330880421808445,43.15863299369812
7586,0.001302489919914852,0.05148219956195675,43.16413116455078
7587,0.0013009670481549042,0.053244790805500965,43.16935896873474
7588,0.0012994460050070144,0.05142038320487732,43.176318883895874
7589,0.0012979267881642763,0.05318086028772122,43.18605184555054
7590,0.001296409395373013,0.05135864688938049,43.19160580635071
7591,0.0012948938243323833,0.05311701254254435,43.19690442085266
7592,0.0012933800727946364,0.05129699049735834,43.20212721824646
7593,0.0012918681384649954,0.05305324744840156,43.20737028121948
7594,0.0012903580191016128,0.05123541391140727,43.216935873031616
7595,0.0012888497124157509,0.052989564883489944,43.222235441207886
7596,0.0012873432161714423,0.05117391701389848,43.227582931518555
7597,0.0012858385280859887,0.052925964726462,43.23273992538452
7598,0.001284335645929291,0.051112499687875505,43.2378613948822
7599,0.001282834567424659,0.05286244685620876,43.24605870246887
7600,0.0012813352903478443,0.0510511618161063,43.251638650894165
7601,0.0012798378124281638,0.05279901115207159,43.25677466392517
7602,0.0012783421314471897,0.05098990328184031,43.26227831840515
7603,0.0012768482451402103,0.05273565749269099,43.267369747161865
7604,0.0012753561512946338,0.050928723968734387,43.277106285095215
7605,0.0012738658476517015,0.05267238575774687,43.283019065856934
7606,0.0012723773320046303,0.05086762376027918,43.28814101219177
7607,0.0012708906021006018,0.05260919582713252,43.293616771698
7608,0.0012694056557386183,0.050806602540200044,43.298811197280884
7609,0.0012679224906717945,0.05254608758071135,43.30645036697388
7610,0.0012664411047048998,0.050745660192816296,43.312368392944336
7611,0.0012649614955969495,0.05248306089826606,43.31784534454346
7612,0.001263483661158478,0.05068479660223823,43.32293653488159
7613,0.001262007599154394,0.052420115660207454,43.328354597091675
7614,0.0012605333074009548,0.05062401165265705,43.333492279052734
7615,0.001259060783668961,0.05235725174731491,43.342374086380005
7616,0.0012575900257804054,0.050563305229294045,43.34838247299194
7617,0.0012561210315119328,0.052294469040124365,43.35364127159119
7618,0.0012546537986912296,0.05050267721642187,43.35893440246582
7619,0.0012531883251008077,0.05223176741985159,43.364137411117554
7620,0.0012517246085740252,0.050442127499250713,43.37212061882019
7621,0.0012502626468992258,0.05216914676738458,43.37953567504883
7622,0.0012488024379154552,0.050381655963199545,43.38468265533447
7623,0.0012473439794168538,0.05210660696410975,43.38966631889343
7624,0.0012458872692481231,0.050321262493644076,43.395068407058716
7625,0.0012444323052092086,0.0520441478916124,43.40017008781433
7626,0.0012429790851504537,0.050260946976422236,43.40589904785156
7627,0.0012415276068775721,0.05198176943150995,43.4111213684082
7628,0.0012400778682465372,0.05020070929714265,43.416616678237915
7629,0.0012386298670688286,0.051919471465999005,43.421727418899536
7630,0.0012371836012060287,0.050140549342089655,43.42728090286255
7631,0.0012357390684753645,0.05185725387724317,43.4323410987854
7632,0.0012342962667440088,0.05008046699737363,43.43916296958923
7633,0.0012328551938349227,0.05179511654762366,43.44518160820007
7634,0.0012314158476208503,0.05002046214943976,43.450541257858276
7635,0.0012299782259304662,0.05173305935963696,43.455589294433594
7636,0.0012285423266420962,0.04996053468517575,43.46102738380432
7637,0.0012271081475900955,0.05167108219623464,43.46829795837402
7638,0.0012256756866583392,0.049900684491256286,43.473604917526245
7639,0.0012242449416868773,0.0516091849404862,43.4809308052063
7640,0.0012228159105651037,0.04984091145477882,43.486135482788086
7641,0.0012213885911387275,0.05154736747543408,43.49145460128784
7642,0.0012199629813026691,0.04978121546301162,43.497594594955444
7643,0.0012185390789082903,0.05148562968454193,43.503562211990356
7644,0.0012171168818560182,0.04972159640353804,43.50891089439392
7645,0.0012156963880028287,0.051423971451408965,43.51409029960632
7646,0.001214277595254636,0.04966205416371102,43.51915884017944
7647,0.0012128605014740592,0.0513623926602648,43.524226665496826
7648,0.0012114451045724666,0.04960258863141843,43.5319664478302
7649,0.0012100314024180662,0.051300893194669656,43.53735566139221
7650,0.0012086193929276992,0.04954319969495654,43.54283332824707
7651,0.001207209073975161,0.051239472939118326,43.54820919036865
7652,0.0012058004434827207,0.04948388724236666,43.55323505401611
7653,0.0012043934993297555,0.0511781317779599,43.55838584899902
7654,0.0012029882394439572,0.04942465116211889,43.56529426574707
7655,0.001201584661710252,0.05111686959579471,43.570472717285156
7656,0.0012001827640617448,0.04936549134307601,43.5758330821991
7657,0.001198782544388899,0.05105568627731844,43.58094763755798
7658,0.0011973840006302213,0.04930640767383351,43.5877149105072
7659,0.0011959871306816993,0.05099458170793643,43.59552788734436
7660,0.0011945919324872051,0.04924740004341066,43.60093641281128
7661,0.0011931984039482463,0.05093355577278695,43.60604953765869
7662,0.0011918065430140555,0.0491884683409901,43.61149001121521
7663,0.0011904163475916331,0.05087260835729149,43.61655259132385
7664,0.00118902781563557,0.049129612456191615,43.62151384353638
7665,0.0011876409450583352,0.05081173934685483,43.62856912612915
7666,0.0011862557338198413,0.04907083227830274,43.633864879608154
7667,0.001184872179838043,0.05075094862786345,43.6389365196228
7668,0.0011834902810781657,0.04901212769716813,43.6444091796875
7669,0.0011821100354636024,0.050690236085918494,43.64948511123657
7670,0.0011807314409648915,0.04895349860309561,43.65450167655945
7671,0.0011793544955108605,0.050629601607333076,43.661399841308594
7672,0.0011779791970773312,0.048894944885956325,43.66676592826843
7673,0.0011766055435985462,0.05056904507865887,43.67180824279785
7674,0.0011752335330556124,0.048836466436345406,43.677152156829834
7675,0.00117386316338816,0.05050856638622137,43.682292461395264
7676,0.0011724944325825586,0.04877806314469087,43.690335750579834
7677,0.0011711273385838375,0.05044816541736902,43.69639325141907
7678,0.0011697618793835962,0.04871973490138638,43.70166897773743
7679,0.0011683980529322397,0.05038784205892752,43.7067186832428
7680,0.0011670358572266099,0.04866148159785164,43.712217569351196
7681,0.0011656752902224564,0.05032759619801098,43.717331886291504
7682,0.0011643163499218347,0.0486033031252003,43.72383642196655
7683,0.0011629590342858488,0.05026742772202248,43.72964072227478
7684,0.0011616033413217534,0.0485451993746371,43.734848976135254
7685,0.0011602492689959626,0.05020733651852612,43.73997783660889
7686,0.0011588968153209386,0.04848717023770235,43.74551224708557
7687,0.0011575459782684028,0.05014732247567698,43.750596046447754
7688,0.0011561967558559715,0.04842921560585674,43.756978034973145
7689,0.0011548491460606786,0.05008738548114418,43.76274609565735
7690,0.0011535031469053045,0.04837133537133324,43.76795172691345
7691,0.001152158756372158,0.050027525423260756,43.77294850349426
7692,0.001150815972489161,0.04831352942588986,43.778480052948
7693,0.001149474793243893,0.049967742190540176,43.78747081756592
7694,0.0011481352166693994,0.048255797661914936,43.79267907142639
7695,0.0011467972407585192,0.04990803567134543,43.798624753952026
7696,0.0011454608635494154,0.048198139971898986,43.80364227294922
7697,0.0011441260830401645,0.04984840575478478,43.80908536911011
7698,0.0011427928972740208,0.04814055624819733,43.81426119804382
7699,0.0011414613042542866,0.04978885232958419,43.82111668586731
7700,0.00114013130202931,0.0480830463841001,43.826539516448975
7701,0.0011388028886076056,0.04972937528495697,43.83167552947998
7702,0.0011374760620425854,0.04802561027218918,43.836716413497925
7703,0.001136150820347953,0.04966997451012982,43.84186911582947
7704,0.0011348271615821913,0.047968247805940716,43.849632263183594
7705,0.0011335050837641793,0.049610649894828156,43.854986906051636
7706,0.0011321845849574402,0.047910958878573495,43.860368728637695
7707,0.0011308656631860213,0.049551401328673465,43.865509033203125
7708,0.0011295483165184796,0.04785374338368948,43.87061929702759
7709,0.0011282325429840148,0.04949222870173111,43.875744342803955
7710,0.0011269183406561955,0.047796601214963444,43.88290572166443
7711,0.0011256057075693577,0.049433131904147,43.889641761779785
7712,0.0011242946418020718,0.04773953226632828,43.895294189453125
7713,0.001122985141393799,0.04937411082607888,43.900338649749756
7714,0.0011216772044280925,0.047682536431741765,43.90535807609558
7715,0.0011203708289495248,0.04931516535819017,43.91306829452515
7716,0.0011190660130466351,0.04762561360584749,43.9184992313385
7717,0.0011177627547690836,0.04925629539090119,43.923834562301636
7718,0.0011164610522103589,0.04756876368282399,43.92906904220581
7719,0.0011151609034252097,0.049197500815451156,43.934144735336304
7720,0.0011138623065120768,0.04751198655752931,43.939207553863525
7721,0.001112565259530764,0.04913878152261365,43.94623041152954
7722,0.001111269760584655,0.04745528212470297,43.95142221450806
7723,0.0011099758077386022,0.04908013740366026,43.95649743080139
7724,0.0011086833991009036,0.04739865027928025,43.96200156211853
7725,0.001107392532741452,0.049021568350303586,43.967084884643555
7726,0.0011061032067734547,0.04734209091642638,43.972115993499756
7727,0.0011048154192718302,0.04896307425405396,43.97922348976135
7728,0.0011035291683546711,0.047285603931557195,43.984447717666626
7729,0.001102244452101906,0.048904655006661316,43.99142122268677
7730,0.0011009612686365075,0.04722918922026741,43.996628284454346
7731,0.0010996796160433987,0.04884631050003672,44.001702308654785
7732,0.0010983994924504228,0.047172846678394456,44.008063077926636
7733,0.0010971208959474888,0.048788040626510876,44.0140483379364
7734,0.0010958438246672826,0.04711657620176009,44.01916313171387
7735,0.0010945682767046824,0.04872984527834296,44.02452635765076
7736,0.0010932942501972074,0.04706037768628056,44.02964520454407
7737,0.001092021743244694,0.04867172434829641,44.034663677215576
7738,0.0010907507539895007,0.047004251028533,44.041295766830444
7739,0.0010894812805363912,0.04861367772904847,44.04737997055054
7740,0.0010882133210325274,0.046948196124639234,44.05256676673889
7741,0.0010869468735876101,0.048555705313255045,44.057958364486694
7742,0.001085681936353604,0.046892212871571415,44.06307554244995
7743,0.0010844185074451145,0.048497806994351286,44.06808924674988
7744,0.001083156585018898,0.046836301166068954,44.074475049972534
7745,0.0010818961671944529,0.048439982665340435,44.080081939697266
7746,0.001080637252133308,0.04678046090487557,44.08526968955994
7747,0.0010793798379598496,0.048382232219936434,44.09111285209656
7748,0.0010781239228403634,0.0467246919853641,44.09807372093201
7749,0.001076869504904117,0.048324555551834486,44.10465669631958
7750,0.0010756165823221282,0.04666899430451131,44.110071897506714
7751,0.0010743651532285248,0.048266952554783846,44.11571383476257
7752,0.001073115215799065,0.04661336776021421,44.12109065055847
7753,0.0010718667681727215,0.048209423122724,44.1265606880188
7754,0.0010706198085299638,0.046557812250078774,44.13169455528259
7755,0.0010693743350146058,0.04815196714993267,44.13816428184509
7756,0.0010681303458118237,0.04650232767208102,44.143441677093506
7757,0.001066887839070238,0.048094584530812286,44.14916443824768
7758,0.001065646812979721,0.04644691392384863,44.15425896644592
7759,0.0010644072656937034,0.048037275159924835,44.15973234176636
7760,0.0010631691954067354,0.04639157090377255,44.16744804382324
7761,0.001061932600277045,0.047980038932165334,44.17281413078308
7762,0.0010606974785038513,0.04633629851051962,44.178327322006226
7763,0.0010594638282501424,0.047922875741923596,44.18338084220886
7764,0.0010582316477198048,0.04628109664236195,44.18844032287598
7765,0.0010570009350805954,0.047865785484855324,44.19372034072876
7766,0.0010557716885410385,0.04622596519812153,44.20248007774353
7767,0.001054543906273652,0.047808768056109174,44.20787835121155
7768,0.00105331758649157,0.04617090407660031,44.21307897567749
7769,0.0010520927273720599,0.04775182335113736,44.21820878982544
7770,0.0010508693271328716,0.046115913177086264,44.22331213951111
7771,0.0010496473839559962,0.04769495126543524,44.23101329803467
7772,0.001048426896063794,0.04606099239856141,44.23637056350708
7773,0.0010472078616429608,0.04763815169499849,44.24183464050293
7774,0.0010459902789204444,0.046006141640493194,44.246991872787476
7775,0.0010447741460876548,0.04758142453601339,44.2519850730896
7776,0.001043559461376112,0.0459513608025844,44.25704479217529
7777,0.0010423462229818992,0.04752476968405232,44.26399540901184
7778,0.001041134429141114,0.04589664978473398,44.26918649673462
7779,0.0010399240780545188,0.047468187035895455,44.27458095550537
7780,0.0010387151679627526,0.045842008486488006,44.27978277206421
7781,0.0010375076970712462,0.047411676488244764,44.284775257110596
7782,0.001036301663625175,0.045787436808239775,44.28981947898865
7783,0.0010350970658346108,0.04735523793728479,44.29853892326355
7784,0.0010338939019492713,0.045732934650244,44.303722858428955
7785,0.001032692170183854,0.047298871280032684,44.30920457839966
7786,0.0010314918687925943,0.04567850191306479,44.31442594528198
7787,0.0010302929959948213,0.04724257641387428,44.31956648826599
7788,0.001029095550049259,0.04562413849694302,44.326024532318115
7789,0.0010278995291798498,0.04718635323584077,44.33200263977051
7790,0.0010267049316498144,0.04556984430296525,44.33706879615784
7791,0.001025511755687685,0.04713020164337717,44.34269404411316
7792,0.0010243199995611594,0.045515619231790476,44.347853660583496
7793,0.0010231296615033584,0.04707412153410658,44.35290288925171
7794,0.001021940739786448,0.045461463184730475,44.35947585105896
7795,0.0010207532326481094,0.04701811280557758,44.3652126789093
7796,0.0010195671383649739,0.04540737606331507,44.37028932571411
7797,0.0010183824551792753,0.046962175355522745,44.375709533691406
7798,0.0010171991813720945,0.045353357768825875,44.38088393211365
7799,0.0010160173151902135,0.04690630908267461,44.38596272468567
7800,0.0010148368549191202,0.04529940820260424,44.392356157302856
7801,0.0010136577988101442,0.04685051388483045,44.39985966682434
7802,0.0010124801451531953,0.045245527266653554,44.40499448776245
7803,0.0010113038922041175,0.046794789660789246,44.410497188568115
7804,0.0010101290382572275,0.04519171486274347,44.41557860374451
7805,0.0010089555815728788,0.04673913630903302,44.42229723930359
7806,0.0010077835204497772,0.04513797089324372,44.42799639701843
7807,0.0010066128531527774,0.04668355372821205,44.4332640171051
7808,0.0010054435779849715,0.045084295260555254,44.438326358795166
7809,0.0010042756932156901,0.04662804181737898,44.44394397735596
7810,0.001003109197152384,0.04503068786671931,44.44902682304382
7811,0.0010019440880688658,0.0465726004755692,44.455384969711304
7812,0.001000780364276949,0.04497714861458045,44.4608588218689
7813,0.0009996180240548975,0.046517229602427684,44.46620535850525
7814,0.0009984570657188738,0.04492367740684618,44.47125291824341
7815,0.0009972974875515938,0.04646192909724755,44.47670555114746
7816,0.0009961392878735382,0.044870274146610774,44.483986616134644
7817,0.0009949824649718624,0.046406698859448585,44.48928189277649
7818,0.000993827017171379,0.044816938736954005,44.49506664276123
7819,0.000992672942763654,0.04635153878889179,44.50180244445801
7820,0.0009915202400778084,0.04476367108102625,44.50720429420471
7821,0.000990368907409825,0.046296448785898746,44.51334524154663
7822,0.000989218943093123,0.044710471082312055,44.51930594444275
7823,0.0009880703454280802,0.04624142875018012,44.52474570274353
7824,0.000986923112752397,0.044657338644333494,44.52995157241821
7825,0.0009857772433708458,0.046186478582602275,44.53501844406128
7826,0.0009846327356253966,0.04460427367117049,44.54008197784424
7827,0.0009834895878252001,0.046131598183176456,44.547751903533936
7828,0.0009823477983164834,0.04455127606628468,44.55313181877136
7829,0.0009812073654127567,0.04607678745277811,44.55861830711365
7830,0.0009800682874644994,0.044498345734000376,44.56375050544739
7831,0.0009789305627895726,0.0460220462922513,44.568761587142944
7832,0.0009777941897427026,0.04444548257866837,44.573848247528076
7833,0.0009766591666460786,0.045967374602240214,44.580849409103394
7834,0.0009755254918586533,0.04439268650465743,44.58786702156067
7835,0.000974393163706956,0.045912772284493426,44.593562841415405
7836,0.0009732621805541387,0.04433995741646688,44.59866976737976
7837,0.0009721325407310497,0.04585823923978812,44.60633635520935
7838,0.0009710042426050483,0.04428729521876971,44.61354112625122
7839,0.0009698772845112809,0.04580377536995285,44.61877155303955
7840,0.0009687516648213055,0.044234699816700196,44.62412691116333
7841,0.0009676273818745556,0.04574938057634077,44.62926626205444
7842,0.0009665044340467627,0.04418217111508477,44.634527921676636
7843,0.0009653828196816571,0.045695054761278005,44.64191961288452
7844,0.0009642625371591271,0.044129709019149234,44.64788198471069
7845,0.0009631435848271583,0.045640797826063666,44.65296196937561
7846,0.0009620259610698301,0.044077313434624135,44.65840792655945
7847,0.0009609096642393692,0.04558660967350875,44.663548946380615
7848,0.0009597946927239865,0.04402498426647061,44.66853857040405
7849,0.0009586810448801593,0.045532490205406055,44.67587208747864
7850,0.0009575687191002433,0.043972721420851034,44.681596517562866
7851,0.0009564577137449496,0.04547843932474163,44.686662912368774
7852,0.0009553480272107454,0.043920524803158306,44.692057847976685
7853,0.0009542396578625714,0.04542445693390617,44.69711899757385
7854,0.0009531326041010041,0.04386839431969922,44.70226764678955
7855,0.0009520268642951899,0.04537054293566195,44.71095132827759
7856,0.000950922436849811,0.04381632987655341,44.71621513366699
7857,0.0009498193201382206,0.045316697233363436,44.72128343582153
7858,0.0009487175125691771,0.04376433137996338,44.72680902481079
7859,0.0009476170125202203,0.04526291972955937,44.73188495635986
7860,0.0009465178184042,0.043712398736741674,44.73950386047363
7861,0.0009454199286028303,0.045209210327898874,44.74534583091736
7862,0.0009443233415330127,0.04366053185323555,44.75058364868164
7863,0.000943228055580629,0.045155568931625235,44.75571036338806
7864,0.0009421340691666509,0.043608730636478577,44.76119899749756
7865,0.0009410413806810981,0.04510199544430145,44.76625204086304
7866,0.0009399499885489943,0.04355699499333547,44.772693395614624
7867,0.0009388598911645007,0.04504848976990749,44.778560400009155
7868,0.0009377710869566818,0.04350532483084754,44.783766746520996
7869,0.0009366835743238138,0.04499505181233774,44.78882193565369
7870,0.0009355973516989911,0.04345372005626267,44.79436802864075
7871,0.0009345124174846141,0.04494168147592871,44.79944944381714
7872,0.0009334287701177733,0.04340218057673145,44.80609464645386
7873,0.0009323464080049957,0.044888378664645935,44.81366038322449
7874,0.0009312653295873663,0.04335070630044242,44.81876349449158
7875,0.000930185533275506,0.04483514328305407,44.82415223121643
7876,0.000929107017514492,0.04329929713454807,44.829338788986206
7877,0.0009280297807190257,0.0447819752358049,44.835954904556274
7878,0.0009269538213381633,0.04324795298722575,44.841230392456055
7879,0.0009258791377906863,0.04472887442738746,44.8471143245697
7880,0.0009248057285296218,0.043196673766579534,44.85219144821167
7881,0.0009237335919778072,0.04467584076278791,44.85757851600647
7882,0.000922662726592232,0.04314545938072654,44.86280965805054
7883,0.0009215931307997759,0.0446228741471121,44.869890213012695
7884,0.0009205248030613781,0.043094309737842285,44.87536144256592
7885,0.000919457741807972,0.04456997448578505,44.880531549453735
7886,0.0009183919455044246,0.043043224746489105,44.88561153411865
7887,0.0009173274125856919,0.04451714168397039,44.89071822166443
7888,0.000916264141520575,0.042992204315326084,44.89853119850159
7889,0.0009152021307480423,0.044464375647166446,44.90395903587341
7890,0.0009141413787408119,0.0429412483532282,44.911057233810425
7891,0.0009130818839418654,0.044411676281355957,44.91623616218567
7892,0.0009120236448278173,0.04289035676896488,44.92127346992493
7893,0.0009109666598456521,0.044359043492141544,44.92642879486084
7894,0.0009099109274758775,0.042839529471828286,44.93339538574219
7895,0.0009088564461694573,0.0443064771855712,44.93850231170654
7896,0.0009078032144107873,0.04278876637117372,44.9439651966095
7897,0.0009067512306548064,0.04425397726779152,44.94907331466675
7898,0.0009057004933897807,0.04273806737606045,44.954092264175415
7899,0.00090465100107461,0.04420154364518454,44.961841106414795
7900,0.000903602752201431,0.042687432396365986,44.96719980239868
7901,0.0009025557452330915,0.04414917622415291,44.97225832939148
7902,0.0009015099786655744,0.04263686134166855,44.977702617645264
7903,0.0009004654509656819,0.04409687491138796,44.982744216918945
7904,0.0008994221606332269,0.04258635412175113,44.98771071434021
7905,0.0008983801061389475,0.04404463961369935,44.99497628211975
7906,0.0008973392859864919,0.042535910646714005,45.00021457672119
7907,0.0008962996986505086,0.0439924702379893,45.00531244277954
7908,0.0008952613426384766,0.042485530826829494,45.01230311393738
7909,0.000894224216428952,0.04394036669130944,45.017411947250366
7910,0.000893188318533218,0.042435214572185506,45.02477502822876
7911,0.0008921536474337313,0.043888328881116094,45.03075957298279
7912,0.0008911202016455781,0.04238496179326102,45.03584003448486
7913,0.000890087979655105,0.043836356714761514,45.04126834869385
7914,0.0008890569799811863,0.04233477240064025,45.04646563529968
7915,0.0008880272011140382,0.04378445009945719,45.05150055885315
7916,0.0008869986415763268,0.04228464630542716,45.05820083618164
7917,0.0008859712998621363,0.043732608943266846,45.063995599746704
7918,0.000884945174497891,0.042234583418146544,45.069091796875
7919,0.0008839202639815379,0.043680833154016996,45.07442307472229
7920,0.0008828965668432554,0.042184583649894414,45.07954382896423
7921,0.0008818740815848467,0.043629122639758745,45.08458757400513
7922,0.000880852806740239,0.042134646912118365,45.091155767440796
7923,0.0008798327408150544,0.04357747730847422,45.09702229499817
7924,0.0008788138823469694,0.042084773115779905,45.102081298828125
7925,0.0008777962298454355,0.04352589706869175,45.107486963272095
7926,0.0008767797818518494,0.04203496217259674,45.114166021347046
7927,0.0008757645368794925,0.04347438182895231,45.12078499794006
7928,0.0008747504934734716,0.04198521399425777,45.12648367881775
7929,0.0008737376501508591,0.04342293149755213,45.13179802894592
7930,0.0008727260054604874,0.04193552849261817,45.13680148124695
7931,0.0008717155579232227,0.04337154598342836,45.142210483551025
7932,0.0008707063060915833,0.04188590557925025,45.14732336997986
7933,0.0008696982484902212,0.04332022519567884,45.153958320617676
7934,0.0008686913836753543,0.041836345166560526,45.159324407577515
7935,0.0008676857101754031,0.04326896904313035,45.16510987281799
7936,0.0008666812265502623,0.04178684716664445,45.17019534111023
7937,0.0008656779313321116,0.04321777743499518,45.17557883262634
7938,0.0008646758230845212,0.041737411491944265,45.18069624900818
7939,0.0008636749003434286,0.04316665028108552,45.18719840049744
7940,0.0008636749003434286,0.04316665028108552,45.192426919937134
